アトレ恵比寿６Ｆ香港ダイニング龍’ｓ食堂,293,-105,586,-209,1171,-419,2342,-837,4685,-1674,9369,-3348,35.646573333333,139.710314166667,http://togetter.com/li/187275,1,六本木ランチマップ　〜ラーメン・つけ麺編〜 - Togetter
熊本ラーメンひごもんず品川店,293,-105,586,-209,1171,-419,2342,-838,4684,-1675,9369,-3350,35.626770555556,139.738006944444,http://togetter.com/li/187275,1,六本木ランチマップ　〜ラーメン・つけ麺編〜 - Togetter
ラーメン康竜中目黒本店,293,-104,586,-209,1171,-418,2342,-837,4684,-1674,9369,-3347,35.641943055556,139.701009722222,http://togetter.com/li/187275,1,六本木ランチマップ　〜ラーメン・つけ麺編〜 - Togetter
胡心房,292,-105,584,-209,1168,-418,2337,-836,4673,-1673,9347,-3346,35.54150045,139.44693712,http://togetter.com/li/187275,1,六本木ランチマップ　〜ラーメン・つけ麺編〜 - Togetter
らーめん花樂図師店,292,-104,584,-209,1169,-417,2338,-835,4675,-1670,9351,-3339,35.591255833333,139.416927222222,http://togetter.com/li/187275,1,六本木ランチマップ　〜ラーメン・つけ麺編〜 - Togetter
手打ち極太麺　ジョニーの味噌,293,-105,586,-209,1173,-418,2345,-836,4691,-1671,9381,-3343,35.73264966,139.79104071,http://togetter.com/li/187275,1,六本木ランチマップ　〜ラーメン・つけ麺編〜 - Togetter
九州豚骨ちゃんぽん頃場,293,-105,587,-209,1173,-418,2346,-837,4693,-1673,9386,-3346,35.734481388889,139.880787777778,http://togetter.com/li/187275,1,六本木ランチマップ　〜ラーメン・つけ麺編〜 - Togetter
北海豚骨麺屋銀鈴,293,-104,587,-208,1173,-417,2346,-834,4693,-1668,9385,-3336,35.789405555556,139.760109722222,http://togetter.com/li/187275,1,六本木ランチマップ　〜ラーメン・つけ麺編〜 - Togetter
豚骨ラーメン　じゃぐら,293,-104,586,-209,1172,-417,2343,-835,4686,-1670,9372,-3339,35.70054595,139.64758422,http://togetter.com/li/187275,1,六本木ランチマップ　〜ラーメン・つけ麺編〜 - Togetter
太陽のトマト麺,293,-105,586,-209,1172,-419,2345,-837,4689,-1674,9379,-3347,35.69557255,139.81032471,http://togetter.com/li/187275,1,六本木ランチマップ　〜ラーメン・つけ麺編〜 - Togetter
太陽のトマト麺護国寺支店,293,-104,586,-209,1172,-418,2344,-835,4688,-1671,9377,-3341,35.718526666667,139.728184722222,http://togetter.com/li/187275,1,六本木ランチマップ　〜ラーメン・つけ麺編〜 - Togetter
太陽のトマト麺大塚北口店,293,-104,586,-209,1172,-418,2345,-835,4689,-1670,9378,-3340,35.733613888889,139.726678888889,http://togetter.com/li/187275,1,六本木ランチマップ　〜ラーメン・つけ麺編〜 - Togetter
太陽のトマト麺四谷二丁目店,293,-104,586,-209,1172,-418,2343,-836,4687,-1672,9374,-3344,35.687555000000,139.724155833333,http://togetter.com/li/187275,1,六本木ランチマップ　〜ラーメン・つけ麺編〜 - Togetter
蓮華,292,-104,584,-209,1168,-418,2337,-835,4674,-1671,9349,-3341,35.570363611111,139.416761111111,http://togetter.com/li/187275,1,六本木ランチマップ　〜ラーメン・つけ麺編〜 - Togetter
らーめんれんげ（蓮嘉）,293,-104,585,-209,1171,-418,2342,-836,4684,-1672,9368,-3344,35.654012500000,139.653638055556,http://togetter.com/li/187275,1,六本木ランチマップ　〜ラーメン・つけ麺編〜 - Togetter
金のレンゲ,293,-104,586,-208,1171,-417,2342,-833,4683,-1667,9366,-3334,35.699631944444,139.522256111111,http://togetter.com/li/187275,1,六本木ランチマップ　〜ラーメン・つけ麺編〜 - Togetter
赤のれん麺徳,293,-105,586,-209,1172,-418,2344,-836,4688,-1672,9376,-3344,35.698487777778,139.750053055556,http://togetter.com/li/187275,1,六本木ランチマップ　〜ラーメン・つけ麺編〜 - Togetter
赤のれん,293,-105,586,-209,1172,-418,2344,-837,4688,-1673,9375,-3347,35.681095555556,139.763630555556,http://togetter.com/li/187275,1,六本木ランチマップ　〜ラーメン・つけ麺編〜 - Togetter
すーぷ道・連,293,-104,586,-209,1173,-417,2345,-835,4690,-1669,9380,-3339,35.744534722222,139.728858611111,http://togetter.com/li/187275,1,六本木ランチマップ　〜ラーメン・つけ麺編〜 - Togetter
えびすや,292,-104,585,-208,1170,-416,2339,-833,4678,-1666,9356,-3332,35.657961111111,139.397970833333,http://togetter.com/li/185944,8,渋谷ランチマップ　〜カレーライス編〜 - Togetter
タブチ,293,-104,586,-209,1172,-417,2343,-835,4686,-1669,9372,-3339,35.705203611111,139.647334166667,http://togetter.com/li/185944,8,渋谷ランチマップ　〜カレーライス編〜 - Togetter
吾妻,293,-104,585,-209,1171,-417,2342,-834,4683,-1668,9366,-3336,35.689039166667,139.552101111111,http://togetter.com/li/185944,8,渋谷ランチマップ　〜カレーライス編〜 - Togetter
びっくり食堂,293,-105,586,-209,1173,-418,2345,-836,4690,-1672,9380,-3344,35.715384444444,139.793457777778,http://togetter.com/li/185944,8,渋谷ランチマップ　〜カレーライス編〜 - Togetter
めぐろ三ツ星食堂,293,-105,586,-209,1171,-419,2342,-837,4684,-1675,9369,-3349,35.633827500000,139.719027777778,http://togetter.com/li/185944,8,渋谷ランチマップ　〜カレーライス編〜 - Togetter
インディアン蒲田西口店,292,-105,585,-210,1170,-420,2340,-839,4681,-1678,9361,-3356,35.561969444444,139.712445000000,http://togetter.com/li/185944,8,渋谷ランチマップ　〜カレーライス編〜 - Togetter
東京カレー屋名店会,293,-105,586,-209,1172,-418,2344,-837,4687,-1674,9375,-3347,35.674393611111,139.763838888889,http://togetter.com/li/185944,8,渋谷ランチマップ　〜カレーライス編〜 - Togetter
カレーハウスＣｏＣｏ壱番屋ＪＲ国分寺駅南口店,293,-104,585,-208,1171,-416,2341,-833,4682,-1666,9364,-3332,35.698914166667,139.479526111111,http://togetter.com/li/185944,8,渋谷ランチマップ　〜カレーライス編〜 - Togetter
カレーハウスＣｏＣｏ壱番屋秋葉原国道４号店,293,-105,586,-209,1172,-418,2345,-836,4689,-1672,9378,-3345,35.699991111111,139.775176666667,http://togetter.com/li/185944,8,渋谷ランチマップ　〜カレーライス編〜 - Togetter
カレーハウスＣｏＣｏ壱番屋国分寺並木町店,293,-104,585,-208,1171,-416,2341,-832,4682,-1664,9364,-3329,35.717341666667,139.446220277778,http://togetter.com/li/185944,8,渋谷ランチマップ　〜カレーライス編〜 - Togetter
カレーハウスＣｏＣｏ壱番屋亀戸明治通店,293,-105,586,-209,1173,-418,2345,-837,4690,-1674,9380,-3347,35.701024722222,139.825600277778,http://togetter.com/li/185944,8,渋谷ランチマップ　〜カレーライス編〜 - Togetter
カレーハウスＣｏＣｏ壱番屋ＪＲ亀戸駅東口店,293,-105,586,-209,1172,-419,2345,-837,4690,-1674,9379,-3348,35.696925555556,139.827450000000,http://togetter.com/li/185944,8,渋谷ランチマップ　〜カレーライス編〜 - Togetter
サングリア,293,-105,586,-209,1172,-418,2344,-836,4688,-1673,9375,-3346,35.680062222222,139.762111111111,http://togetter.com/li/185944,8,渋谷ランチマップ　〜カレーライス編〜 - Togetter
ディナギャンドス芝公園店,293,-105,586,-209,1171,-419,2343,-837,4686,-1674,9372,-3348,35.652395555556,139.747260555556,http://togetter.com/li/185944,8,渋谷ランチマップ　〜カレーライス編〜 - Togetter
カレーハウスシーサー,293,-104,586,-209,1172,-417,2343,-835,4686,-1670,9373,-3340,35.706243055556,139.666815555556,http://togetter.com/li/185944,8,渋谷ランチマップ　〜カレーライス編〜 - Togetter
マジックスパイス　下北沢店,293,-104,586,-209,1171,-418,2342,-836,4685,-1672,9369,-3344,35.662223219424,139.6707531001,http://togetter.com/li/185944,8,渋谷ランチマップ　〜カレーライス編〜 - Togetter
えびすや,292,-104,585,-208,1170,-416,2339,-833,4678,-1666,9356,-3332,35.657961111111,139.397970833333,http://togetter.com/li/185944,8,渋谷ランチマップ　〜カレーライス編〜 - Togetter
タブチ,293,-104,586,-209,1172,-417,2343,-835,4686,-1669,9372,-3339,35.705203611111,139.647334166667,http://togetter.com/li/185944,8,渋谷ランチマップ　〜カレーライス編〜 - Togetter
吾妻,293,-104,585,-209,1171,-417,2342,-834,4683,-1668,9366,-3336,35.689039166667,139.552101111111,http://togetter.com/li/185944,8,渋谷ランチマップ　〜カレーライス編〜 - Togetter
びっくり食堂,293,-105,586,-209,1173,-418,2345,-836,4690,-1672,9380,-3344,35.715384444444,139.793457777778,http://togetter.com/li/185944,8,渋谷ランチマップ　〜カレーライス編〜 - Togetter
めぐろ三ツ星食堂,293,-105,586,-209,1171,-419,2342,-837,4684,-1675,9369,-3349,35.633827500000,139.719027777778,http://togetter.com/li/185944,8,渋谷ランチマップ　〜カレーライス編〜 - Togetter
インディアン蒲田西口店,292,-105,585,-210,1170,-420,2340,-839,4681,-1678,9361,-3356,35.561969444444,139.712445000000,http://togetter.com/li/185944,8,渋谷ランチマップ　〜カレーライス編〜 - Togetter
メラ屋,293,-105,586,-209,1172,-418,2343,-837,4686,-1674,9372,-3347,35.663430277778,139.737283333333,http://togetter.com/li/185944,8,渋谷ランチマップ　〜カレーライス編〜 - Togetter
ＳＩＡ南インド料理　六本木店,293,-105,586,-209,1172,-418,2343,-837,4686,-1673,9372,-3347,35.6640272,139.732130,http://togetter.com/li/185944,8,渋谷ランチマップ　〜カレーライス編〜 - Togetter
３７ＣＵＲＲＹ,293,-105,586,-209,1172,-418,2343,-837,4686,-1673,9372,-3347,35.661335833333,139.730128611111,http://togetter.com/li/185944,8,渋谷ランチマップ　〜カレーライス編〜 - Togetter
バルチックカレー六本木店,293,-105,586,-209,1172,-418,2343,-837,4686,-1673,9372,-3346,35.665065833333,139.729706111111,http://togetter.com/li/185944,8,渋谷ランチマップ　〜カレーライス編〜 - Togetter
いんでいら道玄坂店,293,-104,586,-209,1171,-418,2343,-836,4685,-1673,9370,-3346,35.659654722222,139.698373055556,http://togetter.com/li/185944,8,渋谷ランチマップ　〜カレーライス編〜 - Togetter
スープカリーの店　ｍａｎｎａ,293,-104,586,-209,1173,-417,2345,-834,4691,-1668,9381,-3337,35.7615299,139.720236,http://togetter.com/li/185944,8,渋谷ランチマップ　〜カレーライス編〜 - Togetter
スープカレー・シュクル,292,-105,585,-209,1170,-419,2341,-837,4682,-1675,9364,-3349,35.607407222222,139.669402222222,http://togetter.com/li/185944,8,渋谷ランチマップ　〜カレーライス編〜 - Togetter
東京スープカレー歌舞伎町店,293,-104,586,-209,1172,-418,2343,-836,4687,-1671,9374,-3342,35.694184166667,139.700968611111,http://togetter.com/li/185944,8,渋谷ランチマップ　〜カレーライス編〜 - Togetter
スープカレー屋オオドリー,293,-105,586,-209,1172,-418,2344,-836,4688,-1673,9376,-3345,35.696066111111,139.761138611111,http://togetter.com/li/185944,8,渋谷ランチマップ　〜カレーライス編〜 - Togetter
スープカレーカムイ,293,-105,586,-209,1172,-418,2344,-836,4688,-1673,9377,-3345,35.695172222222,139.772640833333,http://togetter.com/li/185944,8,渋谷ランチマップ　〜カレーライス編〜 - Togetter
スープカリィ厨房ガネー舎,293,-105,586,-209,1172,-418,2343,-837,4687,-1674,9373,-3348,35.663216944444,139.756806666667,http://togetter.com/li/185944,8,渋谷ランチマップ　〜カレーライス編〜 - Togetter
東京らっきょブラザーズ,293,-104,586,-209,1172,-418,2344,-835,4688,-1671,9376,-3342,35.7062417,139.720302,http://togetter.com/li/185944,8,渋谷ランチマップ　〜カレーライス編〜 - Togetter
スープカレー 心,293,-104,586,-209,1171,-418,2342,-836,4685,-1672,9369,-3344,35.66341669,139.66851436,http://togetter.com/li/185944,8,渋谷ランチマップ　〜カレーライス編〜 - Togetter
Soup curry dining en,293,-105,585,-210,1171,-419,2341,-839,4682,-1677,9364,-3354,35.585967380608,139.72780997934,http://togetter.com/li/185944,8,渋谷ランチマップ　〜カレーライス編〜 - Togetter
手打ち極太麺　ジョニーの味噌,293,-105,586,-209,1173,-418,2345,-836,4691,-1671,9381,-3343,35.73264966,139.79104071,http://togetter.com/li/185882,5,渋谷ランチマップ　〜ラーメン・つけめん編〜 - Togetter
九州豚骨ちゃんぽん頃場,293,-105,587,-209,1173,-418,2346,-837,4693,-1673,9386,-3346,35.734481388889,139.880787777778,http://togetter.com/li/185882,5,渋谷ランチマップ　〜ラーメン・つけめん編〜 - Togetter
北海豚骨麺屋銀鈴,293,-104,587,-208,1173,-417,2346,-834,4693,-1668,9385,-3336,35.789405555556,139.760109722222,http://togetter.com/li/185882,5,渋谷ランチマップ　〜ラーメン・つけめん編〜 - Togetter
豚骨ラーメン　じゃぐら,293,-104,586,-209,1172,-417,2343,-835,4686,-1670,9372,-3339,35.70054595,139.64758422,http://togetter.com/li/185882,5,渋谷ランチマップ　〜ラーメン・つけめん編〜 - Togetter
太陽のトマト麺,293,-105,586,-209,1172,-419,2345,-837,4689,-1674,9379,-3347,35.69557255,139.81032471,http://togetter.com/li/185882,5,渋谷ランチマップ　〜ラーメン・つけめん編〜 - Togetter
太陽のトマト麺護国寺支店,293,-104,586,-209,1172,-418,2344,-835,4688,-1671,9377,-3341,35.718526666667,139.728184722222,http://togetter.com/li/185882,5,渋谷ランチマップ　〜ラーメン・つけめん編〜 - Togetter
太陽のトマト麺大塚北口店,293,-104,586,-209,1172,-418,2345,-835,4689,-1670,9378,-3340,35.733613888889,139.726678888889,http://togetter.com/li/185882,5,渋谷ランチマップ　〜ラーメン・つけめん編〜 - Togetter
太陽のトマト麺四谷二丁目店,293,-104,586,-209,1172,-418,2343,-836,4687,-1672,9374,-3344,35.687555000000,139.724155833333,http://togetter.com/li/185882,5,渋谷ランチマップ　〜ラーメン・つけめん編〜 - Togetter
大盛軒,293,-104,586,-209,1172,-418,2344,-836,4688,-1671,9376,-3343,35.702334166667,139.732360000000,http://togetter.com/li/185882,5,渋谷ランチマップ　〜ラーメン・つけめん編〜 - Togetter
大盛軒,293,-104,586,-208,1172,-417,2344,-833,4688,-1667,9376,-3333,35.758897222222,139.628791666667,http://togetter.com/li/185882,5,渋谷ランチマップ　〜ラーメン・つけめん編〜 - Togetter
ぎょうざの満洲東久留米駅前店,293,-104,586,-208,1172,-416,2343,-832,4686,-1664,9373,-3328,35.761336111111,139.533727222222,http://togetter.com/li/185882,5,渋谷ランチマップ　〜ラーメン・つけめん編〜 - Togetter
二代目えん寺,293,-104,586,-209,1172,-417,2343,-835,4686,-1670,9373,-3340,35.706626388889,139.666235000000,http://togetter.com/li/185882,5,渋谷ランチマップ　〜ラーメン・つけめん編〜 - Togetter
アトレ恵比寿６Ｆ香港ダイニング龍’ｓ食堂,293,-105,586,-209,1171,-419,2342,-837,4685,-1674,9369,-3348,35.646573333333,139.710314166667,http://togetter.com/li/185882,5,渋谷ランチマップ　〜ラーメン・つけめん編〜 - Togetter
熊本ラーメンひごもんず品川店,293,-105,586,-209,1171,-419,2342,-838,4684,-1675,9369,-3350,35.626770555556,139.738006944444,http://togetter.com/li/185882,5,渋谷ランチマップ　〜ラーメン・つけめん編〜 - Togetter
ラーメン康竜中目黒本店,293,-104,586,-209,1171,-418,2342,-837,4684,-1674,9369,-3347,35.641943055556,139.701009722222,http://togetter.com/li/185882,5,渋谷ランチマップ　〜ラーメン・つけめん編〜 - Togetter
胡心房,292,-105,584,-209,1168,-418,2337,-836,4673,-1673,9347,-3346,35.54150045,139.44693712,http://togetter.com/li/185882,5,渋谷ランチマップ　〜ラーメン・つけめん編〜 - Togetter
らーめん花樂図師店,292,-104,584,-209,1169,-417,2338,-835,4675,-1670,9351,-3339,35.591255833333,139.416927222222,http://togetter.com/li/185882,5,渋谷ランチマップ　〜ラーメン・つけめん編〜 - Togetter
長崎グラバー亭,293,-104,586,-209,1171,-418,2343,-836,4685,-1673,9370,-3345,35.659735277778,139.695187222222,http://togetter.com/li/185882,5,渋谷ランチマップ　〜ラーメン・つけめん編〜 - Togetter
轍,293,-104,586,-209,1171,-418,2343,-836,4685,-1673,9370,-3345,35.657521666667,139.693893055556,http://togetter.com/li/185882,5,渋谷ランチマップ　〜ラーメン・つけめん編〜 - Togetter
和風つけ麺 轍,293,-104,586,-209,1171,-418,2343,-836,4685,-1673,9370,-3345,35.65752161,139.69389295,http://togetter.com/li/185882,5,渋谷ランチマップ　〜ラーメン・つけめん編〜 - Togetter
中央軒道玄坂,293,-104,586,-209,1171,-418,2343,-836,4685,-1673,9370,-3346,35.656968888889,139.695176111111,http://togetter.com/li/185882,5,渋谷ランチマップ　〜ラーメン・つけめん編〜 - Togetter
蓮華,292,-104,584,-209,1168,-418,2337,-835,4674,-1671,9349,-3341,35.570363611111,139.416761111111,http://togetter.com/li/185882,5,渋谷ランチマップ　〜ラーメン・つけめん編〜 - Togetter
らーめんれんげ（蓮嘉）,293,-104,585,-209,1171,-418,2342,-836,4684,-1672,9368,-3344,35.654012500000,139.653638055556,http://togetter.com/li/185882,5,渋谷ランチマップ　〜ラーメン・つけめん編〜 - Togetter
金のレンゲ,293,-104,586,-208,1171,-417,2342,-833,4683,-1667,9366,-3334,35.699631944444,139.522256111111,http://togetter.com/li/185882,5,渋谷ランチマップ　〜ラーメン・つけめん編〜 - Togetter
ニンニクげんこつらあめん花月寅・下赤塚店,293,-104,586,-208,1172,-417,2345,-833,4689,-1666,9378,-3333,35.769760277778,139.643978888889,http://togetter.com/li/185882,5,渋谷ランチマップ　〜ラーメン・つけめん編〜 - Togetter
七志とんこつ編渋谷道玄坂店,293,-104,586,-209,1171,-418,2343,-836,4685,-1673,9370,-3346,35.658880000000,139.698089722222,http://togetter.com/li/185882,5,渋谷ランチマップ　〜ラーメン・つけめん編〜 - Togetter
幸楽苑道玄坂店,293,-104,586,-209,1171,-418,2343,-836,4685,-1673,9370,-3346,35.658463333333,139.696715000000,http://togetter.com/li/185882,5,渋谷ランチマップ　〜ラーメン・つけめん編〜 - Togetter
ティーヌンタイ国ラーメン渋谷道玄坂店,293,-104,586,-209,1171,-418,2343,-836,4685,-1673,9370,-3346,35.658013333333,139.699328611111,http://togetter.com/li/185882,5,渋谷ランチマップ　〜ラーメン・つけめん編〜 - Togetter
中央軒道玄坂,293,-104,586,-209,1171,-418,2343,-836,4685,-1673,9370,-3346,35.656968888889,139.695176111111,http://togetter.com/li/185882,5,渋谷ランチマップ　〜ラーメン・つけめん編〜 - Togetter
ラーメンボリューム,293,-105,586,-209,1173,-418,2345,-837,4690,-1673,9381,-3346,35.709805555556,139.819700000000,http://togetter.com/li/185882,5,渋谷ランチマップ　〜ラーメン・つけめん編〜 - Togetter
赤のれん麺徳,293,-105,586,-209,1172,-418,2344,-836,4688,-1672,9376,-3344,35.698487777778,139.750053055556,http://togetter.com/li/185882,5,渋谷ランチマップ　〜ラーメン・つけめん編〜 - Togetter
赤のれん,293,-105,586,-209,1172,-418,2344,-837,4688,-1673,9375,-3347,35.681095555556,139.763630555556,http://togetter.com/li/185882,5,渋谷ランチマップ　〜ラーメン・つけめん編〜 - Togetter
つけめん うさぎちゃん,293,-104,586,-209,1172,-417,2343,-835,4687,-1669,9374,-3339,35.71290892,139.66566544,http://togetter.com/li/185882,5,渋谷ランチマップ　〜ラーメン・つけめん編〜 - Togetter
兎月,293,-104,586,-209,1173,-417,2346,-834,4691,-1668,9382,-3336,35.771640000000,139.727002222222,http://togetter.com/li/185882,5,渋谷ランチマップ　〜ラーメン・つけめん編〜 - Togetter
支那そばうさぎ亭,293,-104,585,-209,1171,-417,2342,-835,4683,-1670,9367,-3340,35.667778888889,139.601914166667,http://togetter.com/li/185882,5,渋谷ランチマップ　〜ラーメン・つけめん編〜 - Togetter
木菟らーめん,293,-104,586,-209,1172,-418,2344,-835,4688,-1670,9377,-3340,35.720145555556,139.714552500000,http://togetter.com/li/185882,5,渋谷ランチマップ　〜ラーメン・つけめん編〜 - Togetter
月うさぎ,293,-104,585,-209,1171,-418,2342,-836,4683,-1673,9367,-3345,35.642522222222,139.654171944444,http://togetter.com/li/185882,5,渋谷ランチマップ　〜ラーメン・つけめん編〜 - Togetter
つけ麺・ラーメン月うさぎ,292,-104,585,-208,1169,-416,2339,-832,4677,-1664,9354,-3329,35.659373611111,139.334784444444,http://togetter.com/li/185882,5,渋谷ランチマップ　〜ラーメン・つけめん編〜 - Togetter
麺屋夢うさぎ,293,-105,586,-210,1172,-419,2345,-838,4689,-1676,9379,-3352,35.671196666667,139.866771944444,http://togetter.com/li/185882,5,渋谷ランチマップ　〜ラーメン・つけめん編〜 - Togetter
神泉のらぁめん屋　うさぎ,293,-104,586,-209,1171,-418,2342,-837,4685,-1673,9369,-3346,35.655705966014,139.69352054892,http://togetter.com/li/185882,5,渋谷ランチマップ　〜ラーメン・つけめん編〜 - Togetter
すーぷ道・連,293,-104,586,-209,1173,-417,2345,-835,4690,-1669,9380,-3339,35.744534722222,139.728858611111,http://togetter.com/li/185882,5,渋谷ランチマップ　〜ラーメン・つけめん編〜 - Togetter
豚骨ラーメン　じゃぐら,293,-104,586,-209,1172,-417,2343,-835,4686,-1670,9372,-3339,35.70054595,139.64758422,http://togetter.com/li/185443,13,秋葉原ランチマップ　〜食べ放題のあるお店〜 - Togetter
朱雀門,293,-105,586,-209,1172,-418,2344,-837,4689,-1673,9377,-3346,35.698060833333,139.778665555556,http://togetter.com/li/185443,13,秋葉原ランチマップ　〜食べ放題のあるお店〜 - Togetter
ムルギー,293,-104,586,-209,1171,-418,2343,-836,4685,-1673,9370,-3346,35.658960277778,139.696565000000,http://togetter.com/li/185443,13,秋葉原ランチマップ　〜食べ放題のあるお店〜 - Togetter
上海味わい,293,-105,586,-209,1172,-418,2344,-836,4688,-1673,9377,-3345,35.696546944444,139.766801944444,http://togetter.com/li/185443,13,秋葉原ランチマップ　〜食べ放題のあるお店〜 - Togetter
大酋長,293,-105,586,-209,1172,-418,2345,-836,4689,-1672,9378,-3345,35.699099444444,139.775157222222,http://togetter.com/li/185443,13,秋葉原ランチマップ　〜食べ放題のあるお店〜 - Togetter
れんげ,293,-105,586,-209,1173,-418,2346,-835,4692,-1671,9383,-3342,35.747001111111,139.805475000000,http://togetter.com/li/185443,13,秋葉原ランチマップ　〜食べ放題のあるお店〜 - Togetter
