船の科学館羊蹄丸,293,-105,586,-209,1171,-419,2343,-838,4685,-1676,9370,-3353,35.620344722222,139.772365555556,http://news23vip.blog109.fc2.com/blog-entry-1903.html,382, おまえらお勧めの博物館美術館水族館動物園等を教えてください:VIPPERな俺
船の科学館経理部,293,-105,586,-209,1171,-419,2343,-838,4685,-1676,9370,-3353,35.620344722222,139.772365555556,http://news23vip.blog109.fc2.com/blog-entry-1903.html,382, おまえらお勧めの博物館美術館水族館動物園等を教えてください:VIPPERな俺
八王子市役所　生涯学習スポーツ部サイエンスドーム八王子・こども科学館,292,-104,585,-208,1169,-416,2338,-832,4677,-1664,9354,-3328,35.664886666667,139.327823611111,http://news23vip.blog109.fc2.com/blog-entry-1903.html,382, おまえらお勧めの博物館美術館水族館動物園等を教えてください:VIPPERな俺
渋谷区文化総合センター大和田　プラネタリウム事務室,293,-104,586,-209,1171,-418,2342,-837,4685,-1673,9370,-3346,35.655144166667,139.700059166667,http://news23vip.blog109.fc2.com/blog-entry-1903.html,382, おまえらお勧めの博物館美術館水族館動物園等を教えてください:VIPPERな俺
船の科学館企画室,293,-105,586,-209,1171,-419,2343,-838,4685,-1676,9370,-3353,35.620344722222,139.772365555556,http://news23vip.blog109.fc2.com/blog-entry-1903.html,382, おまえらお勧めの博物館美術館水族館動物園等を教えてください:VIPPERな俺
ライブバー大久保水族館,293,-104,586,-209,1172,-418,2344,-835,4687,-1671,9374,-3342,35.700353055556,139.699951944444,http://news23vip.blog109.fc2.com/blog-entry-1903.html,382, おまえらお勧めの博物館美術館水族館動物園等を教えてください:VIPPERな俺
小金井市役所　はけの森美術館,293,-104,585,-209,1170,-417,2341,-834,4682,-1667,9365,-3334,35.695079444444,139.512734722222,http://news23vip.blog109.fc2.com/blog-entry-1903.html,382, おまえらお勧めの博物館美術館水族館動物園等を教えてください:VIPPERな俺
府中市郷土の森博物館プラネタリウム,293,-104,585,-208,1170,-417,2340,-834,4680,-1668,9359,-3336,35.656599444444,139.473103333333,http://news23vip.blog109.fc2.com/blog-entry-1903.html,382, おまえらお勧めの博物館美術館水族館動物園等を教えてください:VIPPERな俺
上野ファーストシティホテル,293,-105,586,-209,1172,-418,2345,-836,4689,-1672,9378,-3344,35.706640277778,139.770406944444,http://news23vip.blog109.fc2.com/blog-entry-1903.html,382, おまえらお勧めの博物館美術館水族館動物園等を教えてください:VIPPERな俺
アクアシティお台場・メディアージュ,293,-105,586,-209,1171,-419,2343,-838,4685,-1676,9370,-3352,35.6278184,139.773567,http://news23vip.blog109.fc2.com/blog-entry-1903.html,382, おまえらお勧めの博物館美術館水族館動物園等を教えてください:VIPPERな俺
国立新美術館,293,-105,586,-209,1172,-418,2343,-837,4686,-1673,9372,-3346,35.665063055556,139.726031388889,http://news23vip.blog109.fc2.com/blog-entry-1903.html,382, おまえらお勧めの博物館美術館水族館動物園等を教えてください:VIPPERな俺
小金井市役所　東町友愛会館管理人,293,-104,585,-209,1171,-417,2341,-834,4683,-1667,9366,-3334,35.693490833333,139.523495000000,http://news23vip.blog109.fc2.com/blog-entry-1903.html,382, おまえらお勧めの博物館美術館水族館動物園等を教えてください:VIPPERな俺
株式会社ユイアート,293,-104,586,-208,1171,-417,2343,-834,4686,-1667,9372,-3334,35.729558055556,139.594915000000,http://news23vip.blog109.fc2.com/blog-entry-1903.html,382, おまえらお勧めの博物館美術館水族館動物園等を教えてください:VIPPERな俺
船の科学館学芸部,293,-105,586,-209,1171,-419,2343,-838,4685,-1676,9370,-3353,35.620344722222,139.772365555556,http://news23vip.blog109.fc2.com/blog-entry-1903.html,382, おまえらお勧めの博物館美術館水族館動物園等を教えてください:VIPPERな俺
船の科学館総務部,293,-105,586,-209,1171,-419,2343,-838,4685,-1676,9370,-3353,35.620344722222,139.772365555556,http://news23vip.blog109.fc2.com/blog-entry-1903.html,382, おまえらお勧めの博物館美術館水族館動物園等を教えてください:VIPPERな俺
目黒寄生虫館,293,-105,586,-209,1171,-419,2342,-837,4684,-1674,9368,-3349,35.631694166667,139.706648333333,http://news23vip.blog109.fc2.com/blog-entry-1903.html,382, おまえらお勧めの博物館美術館水族館動物園等を教えてください:VIPPERな俺
ペンギンハウス,293,-104,586,-209,1172,-417,2343,-835,4686,-1669,9372,-3339,35.707367500000,139.649711388889,http://news23vip.blog109.fc2.com/blog-entry-1903.html,382, おまえらお勧めの博物館美術館水族館動物園等を教えてください:VIPPERな俺
科学技術館地下サイエンスホール,293,-105,586,-209,1172,-418,2344,-836,4688,-1672,9376,-3345,35.691188611111,139.753022500000,http://news23vip.blog109.fc2.com/blog-entry-1903.html,382, おまえらお勧めの博物館美術館水族館動物園等を教えてください:VIPPERな俺
森ビル株式会社　六本木ヒルズ森美術館,293,-105,586,-209,1172,-418,2343,-837,4686,-1673,9372,-3347,35.660399722222,139.729042500000,http://news23vip.blog109.fc2.com/blog-entry-1903.html,382, おまえらお勧めの博物館美術館水族館動物園等を教えてください:VIPPERな俺
ペンギンハウス,293,-104,586,-209,1172,-417,2343,-835,4686,-1669,9372,-3339,35.7073674,139.649368,http://news23vip.blog109.fc2.com/blog-entry-1903.html,382, おまえらお勧めの博物館美術館水族館動物園等を教えてください:VIPPERな俺
東京都庭園美術館,293,-105,586,-209,1171,-419,2342,-837,4685,-1674,9369,-3349,35.636891111111,139.719391388889,http://news23vip.blog109.fc2.com/blog-entry-1903.html,382, おまえらお勧めの博物館美術館水族館動物園等を教えてください:VIPPERな俺
国立科学博物館附属自然教育園,293,-105,586,-209,1171,-419,2342,-837,4684,-1675,9369,-3349,35.636002222222,139.721296944444,http://news23vip.blog109.fc2.com/blog-entry-1903.html,382, おまえらお勧めの博物館美術館水族館動物園等を教えてください:VIPPERな俺
スペースゆうプラネタリウムホール,293,-104,586,-209,1173,-417,2345,-835,4691,-1669,9381,-3338,35.755020000000,139.736521666667,http://news23vip.blog109.fc2.com/blog-entry-1903.html,382, おまえらお勧めの博物館美術館水族館動物園等を教えてください:VIPPERな俺
東京都教育庁東京都現代美術館,293,-105,586,-209,1172,-419,2344,-837,4689,-1674,9377,-3349,35.679713611111,139.808003055556,http://news23vip.blog109.fc2.com/blog-entry-1903.html,382, おまえらお勧めの博物館美術館水族館動物園等を教えてください:VIPPERな俺
上野の森美術館,293,-105,586,-209,1172,-418,2345,-836,4689,-1672,9379,-3344,35.712728888889,139.774814722222,http://news23vip.blog109.fc2.com/blog-entry-1903.html,382, おまえらお勧めの博物館美術館水族館動物園等を教えてください:VIPPERな俺
国立科学博物館分館,293,-104,586,-209,1172,-418,2344,-835,4687,-1671,9375,-3341,35.705563333333,139.698082500000,http://news23vip.blog109.fc2.com/blog-entry-1903.html,382, おまえらお勧めの博物館美術館水族館動物園等を教えてください:VIPPERな俺
ソニー・エクスプローラサイエンス,293,-105,586,-209,1171,-419,2343,-838,4685,-1676,9370,-3352,35.627818611111,139.773567500000,http://news23vip.blog109.fc2.com/blog-entry-1903.html,382, おまえらお勧めの博物館美術館水族館動物園等を教えてください:VIPPERな俺
日本科学未来館,293,-105,586,-209,1171,-419,2343,-838,4685,-1676,9370,-3353,35.619328333333,139.776570555556,http://news23vip.blog109.fc2.com/blog-entry-1903.html,382, おまえらお勧めの博物館美術館水族館動物園等を教えてください:VIPPERな俺
オルゴールの小さな博物館,293,-104,586,-209,1172,-418,2344,-835,4689,-1670,9377,-3341,35.718935000000,139.724038055556,http://news23vip.blog109.fc2.com/blog-entry-1903.html,382, おまえらお勧めの博物館美術館水族館動物園等を教えてください:VIPPERな俺
国立科学博物館,293,-105,586,-209,1172,-418,2345,-836,4689,-1672,9379,-3344,35.716331388889,139.776486944444,http://news23vip.blog109.fc2.com/blog-entry-1903.html,382, おまえらお勧めの博物館美術館水族館動物園等を教えてください:VIPPERな俺
東京都現代美術館,293,-105,586,-209,1172,-419,2344,-837,4689,-1674,9377,-3349,35.679713611111,139.808003055556,http://news23vip.blog109.fc2.com/blog-entry-1903.html,382, おまえらお勧めの博物館美術館水族館動物園等を教えてください:VIPPERな俺
財団法人目黒さつき会館,293,-105,586,-209,1171,-419,2342,-837,4684,-1675,9368,-3349,35.629997500000,139.716866944444,http://news23vip.blog109.fc2.com/blog-entry-1903.html,382, おまえらお勧めの博物館美術館水族館動物園等を教えてください:VIPPERな俺
船の科学館総合案内・営業部,293,-105,586,-209,1171,-419,2343,-838,4685,-1676,9370,-3353,35.620344722222,139.772365555556,http://news23vip.blog109.fc2.com/blog-entry-1903.html,382, おまえらお勧めの博物館美術館水族館動物園等を教えてください:VIPPERな俺
多摩動物公園,292,-104,585,-208,1169,-417,2339,-833,4678,-1666,9356,-3333,35.649626111111,139.401903888889,http://news23vip.blog109.fc2.com/blog-entry-1903.html,382, おまえらお勧めの博物館美術館水族館動物園等を教えてください:VIPPERな俺
財団法人横山大観記念館,293,-105,586,-209,1172,-418,2345,-836,4689,-1672,9378,-3344,35.712145277778,139.768159722222,http://news23vip.blog109.fc2.com/blog-entry-1903.html,382, おまえらお勧めの博物館美術館水族館動物園等を教えてください:VIPPERな俺
東京都庭園美術館テープ案内,293,-105,586,-209,1171,-419,2342,-837,4685,-1674,9369,-3349,35.636891111111,139.719391388889,http://news23vip.blog109.fc2.com/blog-entry-1903.html,382, おまえらお勧めの博物館美術館水族館動物園等を教えてください:VIPPERな俺
弥生美術館,293,-105,586,-209,1172,-418,2345,-836,4689,-1672,9379,-3343,35.714933611111,139.763468055556,http://news23vip.blog109.fc2.com/blog-entry-1903.html,382, おまえらお勧めの博物館美術館水族館動物園等を教えてください:VIPPERな俺
あぶら亭,293,-104,585,-209,1171,-418,2342,-835,4684,-1671,9368,-3342,35.668921388889,139.633150555556,http://alfalfalfa.com/archives/399432.html,96,ほんとうにおいしい東京のラーメン屋：アルファルファモザイク
春木屋,293,-104,586,-209,1172,-418,2345,-835,4690,-1671,9380,-3342,35.726532777778,139.764659444444,http://alfalfalfa.com/archives/399432.html,96,ほんとうにおいしい東京のラーメン屋：アルファルファモザイク
広州市場五反田店,293,-105,586,-209,1171,-419,2342,-838,4684,-1675,9368,-3350,35.625917500000,139.726410555556,http://alfalfalfa.com/archives/399432.html,96,ほんとうにおいしい東京のラーメン屋：アルファルファモザイク
博多天神,293,-104,586,-209,1172,-418,2343,-836,4687,-1671,9374,-3342,35.693184444444,139.702090833333,http://alfalfalfa.com/archives/399432.html,96,ほんとうにおいしい東京のラーメン屋：アルファルファモザイク
広州市場中目黒店,293,-104,586,-209,1171,-418,2342,-837,4685,-1673,9369,-3347,35.646942222222,139.695676388889,http://alfalfalfa.com/archives/399432.html,96,ほんとうにおいしい東京のラーメン屋：アルファルファモザイク
横浜家系ラーメン魂心家,293,-105,586,-209,1171,-419,2342,-837,4684,-1674,9368,-3349,35.634235833333,139.714164166667,http://alfalfalfa.com/archives/399432.html,96,ほんとうにおいしい東京のラーメン屋：アルファルファモザイク
喜楽,293,-104,586,-208,1171,-417,2343,-834,4686,-1667,9372,-3334,35.726022222222,139.590190555556,http://alfalfalfa.com/archives/399432.html,96,ほんとうにおいしい東京のラーメン屋：アルファルファモザイク
らーめん一,292,-104,585,-208,1169,-417,2338,-834,4676,-1667,9353,-3334,35.628241944444,139.382100833333,http://alfalfalfa.com/archives/399432.html,96,ほんとうにおいしい東京のラーメン屋：アルファルファモザイク
常吉亭,288,-108,575,-216,1151,-432,2301,-865,4603,-1730,9206,-3460,34.214220555556,139.147712777778,http://alfalfalfa.com/archives/399432.html,96,ほんとうにおいしい東京のラーメン屋：アルファルファモザイク
中華飯店田町駅前店,293,-105,586,-209,1171,-419,2343,-837,4686,-1674,9371,-3349,35.647035000000,139.746541388889,http://alfalfalfa.com/archives/399432.html,96,ほんとうにおいしい東京のラーメン屋：アルファルファモザイク
十日夜(とうかんや),293,-105,586,-209,1172,-419,2344,-838,4689,-1675,9378,-3350,35.67529235,139.83366072,http://alfalfalfa.com/archives/399432.html,96,ほんとうにおいしい東京のラーメン屋：アルファルファモザイク
中華食堂日高屋駒込東口店,293,-104,586,-209,1172,-418,2345,-835,4690,-1670,9380,-3340,35.737786111111,139.748890555556,http://alfalfalfa.com/archives/399432.html,96,ほんとうにおいしい東京のラーメン屋：アルファルファモザイク
竜のこ亭,293,-104,586,-209,1172,-418,2344,-835,4688,-1671,9376,-3342,35.709685833333,139.723516111111,http://alfalfalfa.com/archives/399432.html,96,ほんとうにおいしい東京のラーメン屋：アルファルファモザイク
熊本ラーメンひごもんず,293,-104,585,-208,1171,-416,2341,-833,4683,-1666,9365,-3333,35.701889722222,139.506901666667,http://alfalfalfa.com/archives/399432.html,96,ほんとうにおいしい東京のラーメン屋：アルファルファモザイク
西北亭,293,-104,586,-209,1172,-418,2344,-835,4688,-1671,9376,-3342,35.708180555556,139.722630000000,http://alfalfalfa.com/archives/399432.html,96,ほんとうにおいしい東京のラーメン屋：アルファルファモザイク
ラーメンたかが,293,-104,585,-209,1171,-418,2342,-835,4684,-1671,9368,-3341,35.669879722222,139.630464444444,http://alfalfalfa.com/archives/399432.html,96,ほんとうにおいしい東京のラーメン屋：アルファルファモザイク
蒙古タンメン中本御徒町,293,-105,586,-209,1172,-418,2345,-836,4689,-1672,9378,-3345,35.706454444444,139.774593055556,http://alfalfalfa.com/archives/399432.html,96,ほんとうにおいしい東京のラーメン屋：アルファルファモザイク
一蘭東京ドームシティ・ラクーア店,293,-105,586,-209,1172,-418,2344,-836,4688,-1672,9377,-3344,35.707148055556,139.752980277778,http://alfalfalfa.com/archives/399432.html,96,ほんとうにおいしい東京のラーメン屋：アルファルファモザイク
春木屋,293,-104,586,-208,1171,-417,2343,-834,4685,-1669,9371,-3338,35.705044722222,139.622411111111,http://alfalfalfa.com/archives/399432.html,96,ほんとうにおいしい東京のラーメン屋：アルファルファモザイク
ラーメン一番,293,-104,586,-209,1172,-417,2344,-834,4689,-1668,9377,-3336,35.744597222222,139.673721666667,http://alfalfalfa.com/archives/399432.html,96,ほんとうにおいしい東京のラーメン屋：アルファルファモザイク
九段斑鳩,293,-105,586,-209,1172,-418,2344,-836,4688,-1672,9376,-3344,35.697968333333,139.750711388889,http://alfalfalfa.com/archives/399432.html,96,ほんとうにおいしい東京のラーメン屋：アルファルファモザイク
一蘭アトレ上野山下口店,293,-105,586,-209,1172,-418,2345,-836,4689,-1672,9379,-3344,35.713895277778,139.777342500000,http://alfalfalfa.com/archives/399432.html,96,ほんとうにおいしい東京のラーメン屋：アルファルファモザイク
蒙古タンメン中本本店,293,-104,586,-209,1172,-417,2345,-834,4689,-1668,9379,-3335,35.759337222222,139.673723888889,http://alfalfalfa.com/archives/399432.html,96,ほんとうにおいしい東京のラーメン屋：アルファルファモザイク
餃子屋子天狗,293,-104,586,-209,1172,-418,2345,-835,4690,-1670,9379,-3340,35.732611388889,139.739008333333,http://alfalfalfa.com/archives/399432.html,96,ほんとうにおいしい東京のラーメン屋：アルファルファモザイク
よってこやお台場店,293,-105,586,-209,1171,-419,2343,-838,4685,-1676,9371,-3352,35.628943333333,139.776067222222,http://alfalfalfa.com/archives/399432.html,96,ほんとうにおいしい東京のラーメン屋：アルファルファモザイク
株式会社トモス　ちりめん亭　本部,293,-105,586,-209,1171,-419,2342,-838,4684,-1675,9367,-3351,35.618460000000,139.727624722222,http://alfalfalfa.com/archives/399432.html,96,ほんとうにおいしい東京のラーメン屋：アルファルファモザイク
蒙古タンメン中本高円寺,293,-104,586,-209,1172,-417,2343,-835,4686,-1670,9372,-3339,35.705223333333,139.649050555556,http://alfalfalfa.com/archives/399432.html,96,ほんとうにおいしい東京のラーメン屋：アルファルファモザイク
東紅ＴＲＣ大森店,293,-105,585,-210,1171,-419,2341,-839,4682,-1678,9364,-3356,35.579113055556,139.747702777778,http://alfalfalfa.com/archives/399432.html,96,ほんとうにおいしい東京のラーメン屋：アルファルファモザイク
桂花拉麺渋谷センター街店,293,-104,586,-209,1171,-418,2343,-836,4685,-1673,9370,-3346,35.660224166667,139.698653611111,http://alfalfalfa.com/archives/399432.html,96,ほんとうにおいしい東京のラーメン屋：アルファルファモザイク
しょうゆのおがわや幡ケ谷店,293,-104,586,-209,1171,-418,2343,-835,4686,-1671,9371,-3342,35.681546111111,139.675385277778,http://alfalfalfa.com/archives/399432.html,96,ほんとうにおいしい東京のラーメン屋：アルファルファモザイク
元祖札幌や大崎店,293,-105,586,-209,1171,-419,2342,-838,4684,-1675,9368,-3351,35.620218333333,139.729049444444,http://alfalfalfa.com/archives/399432.html,96,ほんとうにおいしい東京のラーメン屋：アルファルファモザイク
六厘舎ＴＯＫＹＯ,293,-105,586,-209,1172,-418,2344,-837,4688,-1673,9375,-3347,35.680253341872,139.76833704952,http://alfalfalfa.com/archives/399432.html,96,ほんとうにおいしい東京のラーメン屋：アルファルファモザイク
さつき,293,-105,586,-209,1173,-418,2346,-835,4692,-1670,9385,-3340,35.766070555556,139.796760277778,http://alfalfalfa.com/archives/399432.html,96,ほんとうにおいしい東京のラーメン屋：アルファルファモザイク
やまべ堂【ラーメン　麺　餃子】,293,-104,586,-209,1172,-418,2345,-835,4690,-1670,9379,-3340,35.7363414,139.734141,http://alfalfalfa.com/archives/399432.html,96,ほんとうにおいしい東京のラーメン屋：アルファルファモザイク
札幌ラーメンピリカ,293,-104,586,-209,1173,-417,2346,-834,4692,-1669,9384,-3337,35.775282222222,139.764131944444,http://alfalfalfa.com/archives/399432.html,96,ほんとうにおいしい東京のラーメン屋：アルファルファモザイク
ラーメン二郎,293,-104,586,-209,1173,-417,2346,-834,4691,-1668,9383,-3336,35.772320555556,139.733082222222,http://alfalfalfa.com/archives/399432.html,96,ほんとうにおいしい東京のラーメン屋：アルファルファモザイク
お好み焼もんじゃ会館,293,-105,586,-209,1172,-418,2344,-837,4688,-1673,9376,-3347,35.681823611111,139.772449166667,http://alfalfalfa.com/archives/399432.html,96,ほんとうにおいしい東京のラーメン屋：アルファルファモザイク
ラーメン亭七番,293,-105,586,-209,1172,-418,2343,-837,4686,-1673,9371,-3347,35.661860555556,139.725381666667,http://alfalfalfa.com/archives/399432.html,96,ほんとうにおいしい東京のラーメン屋：アルファルファモザイク
ラーメン＆らーめん一代元国分寺店,293,-104,585,-208,1171,-416,2341,-833,4682,-1665,9365,-3330,35.710806944444,139.468229444444,http://alfalfalfa.com/archives/399432.html,96,ほんとうにおいしい東京のラーメン屋：アルファルファモザイク
ラーメン二郎新橋店,293,-105,586,-209,1172,-418,2343,-837,4686,-1674,9373,-3348,35.665591388889,139.754262222222,http://alfalfalfa.com/archives/399432.html,96,ほんとうにおいしい東京のラーメン屋：アルファルファモザイク
よってこやラーメン駒込店,293,-104,586,-209,1172,-418,2345,-835,4690,-1670,9380,-3340,35.735100277778,139.747576944444,http://alfalfalfa.com/archives/399432.html,96,ほんとうにおいしい東京のラーメン屋：アルファルファモザイク
そば常牛そば屋店,293,-104,586,-209,1172,-418,2344,-835,4688,-1670,9375,-3341,35.712832222222,139.700370833333,http://alfalfalfa.com/archives/399432.html,96,ほんとうにおいしい東京のラーメン屋：アルファルファモザイク
博多長浜らーめん　田中商店,294,-104,587,-209,1174,-417,2347,-835,4694,-1669,9387,-3339,35.784733924449,139.81090633381,http://alfalfalfa.com/archives/399432.html,96,ほんとうにおいしい東京のラーメン屋：アルファルファモザイク
けんちゃんラーメン,293,-104,585,-209,1171,-418,2342,-835,4684,-1671,9368,-3342,35.668180000000,139.633053333333,http://alfalfalfa.com/archives/399432.html,96,ほんとうにおいしい東京のラーメン屋：アルファルファモザイク
博多長浜ラーメン六角堂,292,-104,585,-208,1169,-417,2338,-834,4677,-1667,9354,-3335,35.629403611111,139.401954722222,http://alfalfalfa.com/archives/399432.html,96,ほんとうにおいしい東京のラーメン屋：アルファルファモザイク
すーぷ道・連,293,-104,586,-209,1173,-417,2345,-835,4690,-1669,9380,-3339,35.744534722222,139.728858611111,http://alfalfalfa.com/archives/399432.html,96,ほんとうにおいしい東京のラーメン屋：アルファルファモザイク
博多長浜ラーメン六角堂町田店,292,-105,584,-209,1169,-418,2337,-836,4674,-1673,9347,-3346,35.541764444444,139.450806388889,http://alfalfalfa.com/archives/399432.html,96,ほんとうにおいしい東京のラーメン屋：アルファルファモザイク
西麻布五行,293,-105,586,-209,1172,-418,2343,-837,4686,-1673,9371,-3347,35.662018888889,139.724467777778,http://alfalfalfa.com/archives/399432.html,96,ほんとうにおいしい東京のラーメン屋：アルファルファモザイク
醤油屋俊蔵,293,-105,587,-209,1173,-418,2346,-837,4691,-1674,9383,-3347,35.718396111111,139.858132222222,http://alfalfalfa.com/archives/399432.html,96,ほんとうにおいしい東京のラーメン屋：アルファルファモザイク
家系ラーメン桂家,293,-104,586,-209,1171,-418,2343,-835,4685,-1671,9371,-3341,35.684414722222,139.656328611111,http://alfalfalfa.com/archives/399432.html,96,ほんとうにおいしい東京のラーメン屋：アルファルファモザイク
一蘭池袋東口店,293,-104,586,-209,1172,-418,2344,-835,4689,-1670,9378,-3339,35.732510833333,139.714157777778,http://alfalfalfa.com/archives/399432.html,96,ほんとうにおいしい東京のラーメン屋：アルファルファモザイク
つけ麺大王,293,-105,586,-209,1171,-419,2342,-838,4684,-1675,9367,-3351,35.619621111111,139.727496944444,http://alfalfalfa.com/archives/399432.html,96,ほんとうにおいしい東京のラーメン屋：アルファルファモザイク
西麻布山本,293,-105,586,-209,1172,-418,2343,-837,4686,-1673,9371,-3347,35.659019166667,139.722718055556,http://alfalfalfa.com/archives/399432.html,96,ほんとうにおいしい東京のラーメン屋：アルファルファモザイク
蒙古タンメン中本吉祥寺,293,-104,586,-208,1171,-417,2342,-834,4685,-1668,9369,-3336,35.701738611111,139.582464444444,http://alfalfalfa.com/archives/399432.html,96,ほんとうにおいしい東京のラーメン屋：アルファルファモザイク
ちりめん亭本部,293,-105,586,-209,1171,-419,2342,-838,4684,-1675,9367,-3351,35.618460000000,139.727624722222,http://alfalfalfa.com/archives/399432.html,96,ほんとうにおいしい東京のラーメン屋：アルファルファモザイク
株式会社トモス,293,-105,586,-209,1171,-419,2342,-838,4684,-1675,9367,-3351,35.618460000000,139.727624722222,http://alfalfalfa.com/archives/399432.html,96,ほんとうにおいしい東京のラーメン屋：アルファルファモザイク
揚州商人東池袋店,293,-104,586,-209,1172,-418,2344,-835,4689,-1670,9378,-3340,35.725081388889,139.720182500000,http://alfalfalfa.com/archives/399432.html,96,ほんとうにおいしい東京のラーメン屋：アルファルファモザイク
滝野川大勝軒,293,-104,586,-209,1173,-417,2345,-835,4690,-1669,9380,-3339,35.748970555556,139.734085833333,http://alfalfalfa.com/archives/399432.html,96,ほんとうにおいしい東京のラーメン屋：アルファルファモザイク
まるしんラーメン,293,-104,585,-209,1171,-418,2342,-836,4684,-1671,9368,-3342,35.667680000000,139.638533333333,http://alfalfalfa.com/archives/399432.html,96,ほんとうにおいしい東京のラーメン屋：アルファルファモザイク
中国ラーメン揚州商人町田忠生店,292,-104,584,-209,1168,-418,2337,-835,4674,-1671,9349,-3341,35.574041111111,139.419727500000,http://alfalfalfa.com/archives/399432.html,96,ほんとうにおいしい東京のラーメン屋：アルファルファモザイク
ラーメン道楽巣鴨店,293,-104,586,-209,1172,-418,2345,-835,4690,-1670,9379,-3341,35.731403333333,139.741386111111,http://alfalfalfa.com/archives/399432.html,96,ほんとうにおいしい東京のラーメン屋：アルファルファモザイク
秋葉らーめん一花,293,-105,586,-209,1172,-418,2344,-836,4689,-1672,9377,-3345,35.701965833333,139.771887777778,http://alfalfalfa.com/archives/399432.html,96,ほんとうにおいしい東京のラーメン屋：アルファルファモザイク
ラーメンハウスきくちやん,292,-104,585,-208,1170,-416,2340,-832,4680,-1663,9360,-3327,35.705319166667,139.381795555556,http://alfalfalfa.com/archives/399432.html,96,ほんとうにおいしい東京のラーメン屋：アルファルファモザイク
梟環七平和島店,293,-105,585,-210,1171,-419,2341,-839,4682,-1678,9364,-3355,35.57739876,139.73577293,http://alfalfalfa.com/archives/399432.html,96,ほんとうにおいしい東京のラーメン屋：アルファルファモザイク
揚州商人八王子店,292,-104,585,-208,1169,-416,2339,-832,4677,-1665,9354,-3329,35.659420833333,139.338281388889,http://alfalfalfa.com/archives/399432.html,96,ほんとうにおいしい東京のラーメン屋：アルファルファモザイク
ラーメン桂奈,293,-104,586,-209,1172,-418,2345,-835,4690,-1670,9380,-3340,35.736747222222,139.746721388889,http://alfalfalfa.com/archives/399432.html,96,ほんとうにおいしい東京のラーメン屋：アルファルファモザイク
札幌ラーメンどさん子上板橋店,293,-104,586,-209,1172,-417,2345,-834,4690,-1667,9379,-3335,35.761300833333,139.674712500000,http://alfalfalfa.com/archives/399432.html,96,ほんとうにおいしい東京のラーメン屋：アルファルファモザイク
蒙古タンメン中本渋谷,293,-104,586,-209,1171,-418,2343,-836,4685,-1673,9370,-3346,35.659041111111,139.698931388889,http://alfalfalfa.com/archives/399432.html,96,ほんとうにおいしい東京のラーメン屋：アルファルファモザイク
ラーメン二郎,293,-104,585,-208,1171,-416,2341,-833,4683,-1666,9365,-3332,35.708435833333,139.496207777778,http://alfalfalfa.com/archives/399432.html,96,ほんとうにおいしい東京のラーメン屋：アルファルファモザイク
パンダ京浜蒲田店,292,-105,585,-210,1170,-420,2340,-839,4681,-1678,9362,-3356,35.561705555556,139.721938333333,http://alfalfalfa.com/archives/399432.html,96,ほんとうにおいしい東京のラーメン屋：アルファルファモザイク
ラーメン二郎神田店,293,-105,586,-209,1172,-418,2344,-837,4688,-1673,9376,-3346,35.688539444444,139.771185277778,http://alfalfalfa.com/archives/399432.html,96,ほんとうにおいしい東京のラーメン屋：アルファルファモザイク
辰巳家,293,-105,586,-209,1171,-419,2342,-838,4684,-1675,9368,-3350,35.622417777778,139.723161111111,http://alfalfalfa.com/archives/399432.html,96,ほんとうにおいしい東京のラーメン屋：アルファルファモザイク
はつね,293,-104,586,-208,1171,-417,2343,-834,4685,-1668,9370,-3337,35.7034276601,139.599782416,http://alfalfalfa.com/archives/399432.html,96,ほんとうにおいしい東京のラーメン屋：アルファルファモザイク
ラーメンハウス・ドラゴン,292,-104,585,-208,1170,-415,2340,-831,4680,-1661,9360,-3322,35.728398611111,139.330590833333,http://alfalfalfa.com/archives/399432.html,96,ほんとうにおいしい東京のラーメン屋：アルファルファモザイク
蒙古タンメン中本池袋,293,-104,586,-209,1172,-417,2344,-835,4689,-1669,9377,-3339,35.730508055556,139.707613888889,http://alfalfalfa.com/archives/399432.html,96,ほんとうにおいしい東京のラーメン屋：アルファルファモザイク
中華食堂日高屋上石神井南口店,293,-104,586,-208,1171,-417,2343,-834,4686,-1667,9372,-3334,35.726097222222,139.591226666667,http://alfalfalfa.com/archives/399432.html,96,ほんとうにおいしい東京のラーメン屋：アルファルファモザイク
ひるがお・せたが屋　駒沢本店,293,-104,585,-209,1171,-418,2341,-837,4683,-1674,9366,-3347,35.6318767,139.670173,http://alfalfalfa.com/archives/399432.html,96,ほんとうにおいしい東京のラーメン屋：アルファルファモザイク
麻布ラーメン西麻布店,293,-105,586,-209,1172,-418,2343,-837,4686,-1673,9371,-3347,35.658991388889,139.723434722222,http://alfalfalfa.com/archives/399432.html,96,ほんとうにおいしい東京のラーメン屋：アルファルファモザイク
ひるがお東京駅店,293,-105,586,-209,1172,-418,2344,-837,4688,-1673,9376,-3346,35.683015000000,139.768416111111,http://alfalfalfa.com/archives/399432.html,96,ほんとうにおいしい東京のラーメン屋：アルファルファモザイク
栄新楼中華飯店,293,-104,586,-209,1171,-418,2342,-836,4685,-1671,9369,-3342,35.668110833333,139.650368611111,http://alfalfalfa.com/archives/399432.html,96,ほんとうにおいしい東京のラーメン屋：アルファルファモザイク
さぶちゃん,293,-105,586,-209,1172,-418,2344,-836,4688,-1672,9376,-3345,35.697576944444,139.757149722222,http://alfalfalfa.com/archives/399432.html,96,ほんとうにおいしい東京のラーメン屋：アルファルファモザイク
有限会社中華飯店,293,-104,587,-208,1173,-417,2347,-834,4694,-1667,9388,-3335,35.805801388889,139.778646388889,http://alfalfalfa.com/archives/399432.html,96,ほんとうにおいしい東京のラーメン屋：アルファルファモザイク
尾道ラーメン麺一筋東口店,293,-105,586,-209,1172,-418,2344,-836,4688,-1672,9377,-3344,35.700115555556,139.755624722222,http://alfalfalfa.com/archives/399432.html,96,ほんとうにおいしい東京のラーメン屋：アルファルファモザイク
札幌ラーメン鈴屋,293,-104,585,-208,1171,-415,2342,-831,4683,-1662,9367,-3324,35.752578888889,139.427920277778,http://alfalfalfa.com/archives/399432.html,96,ほんとうにおいしい東京のラーメン屋：アルファルファモザイク
多賀野,293,-105,585,-210,1171,-419,2341,-838,4683,-1675,9366,-3351,35.609755277778,139.711526388889,http://alfalfalfa.com/archives/399432.html,96,ほんとうにおいしい東京のラーメン屋：アルファルファモザイク
味っ子,293,-104,586,-209,1172,-418,2345,-835,4690,-1670,9379,-3340,35.734527777778,139.738072222222,http://alfalfalfa.com/archives/399432.html,96,ほんとうにおいしい東京のラーメン屋：アルファルファモザイク
亜呂摩喫茶部,293,-105,587,-209,1173,-418,2346,-836,4692,-1672,9385,-3343,35.746179444444,139.836046666667,http://alfalfalfa.com/archives/399432.html,96,ほんとうにおいしい東京のラーメン屋：アルファルファモザイク
熊さん札幌ラーメン,293,-105,586,-209,1173,-418,2345,-836,4690,-1672,9381,-3344,35.725222500000,139.799265000000,http://alfalfalfa.com/archives/399432.html,96,ほんとうにおいしい東京のラーメン屋：アルファルファモザイク
みそ膳河野屋,293,-104,585,-208,1171,-415,2341,-830,4682,-1660,9365,-3319,35.769874722222,139.351818055556,http://alfalfalfa.com/archives/399432.html,96,ほんとうにおいしい東京のラーメン屋：アルファルファモザイク
ラーメンとうかんや,293,-105,586,-209,1172,-419,2344,-838,4689,-1675,9378,-3350,35.675292222222,139.833660833333,http://alfalfalfa.com/archives/399432.html,96,ほんとうにおいしい東京のラーメン屋：アルファルファモザイク
蒙古タンメン中本新宿,293,-104,586,-209,1172,-418,2343,-836,4687,-1671,9374,-3342,35.695667500000,139.698130000000,http://alfalfalfa.com/archives/399432.html,96,ほんとうにおいしい東京のラーメン屋：アルファルファモザイク
中国ラーメン揚州商人武蔵小山店,293,-105,586,-209,1171,-419,2342,-837,4683,-1675,9367,-3349,35.621286944444,139.701468611111,http://alfalfalfa.com/archives/399432.html,96,ほんとうにおいしい東京のラーメン屋：アルファルファモザイク
揚州商人,293,-104,585,-208,1170,-416,2340,-832,4681,-1664,9361,-3329,35.698573611111,139.416667777778,http://alfalfalfa.com/archives/399432.html,96,ほんとうにおいしい東京のラーメン屋：アルファルファモザイク
山小屋早稲田店,293,-104,586,-209,1172,-418,2344,-835,4688,-1670,9376,-3341,35.710380000000,139.709489444444,http://alfalfalfa.com/archives/399432.html,96,ほんとうにおいしい東京のラーメン屋：アルファルファモザイク
ニンニクげんこつらあめん花月寅・下赤塚店,293,-104,586,-208,1172,-417,2345,-833,4689,-1666,9378,-3333,35.769760277778,139.643978888889,http://alfalfalfa.com/archives/399432.html,96,ほんとうにおいしい東京のラーメン屋：アルファルファモザイク
桂花ラーメン池袋サンシャイン６０通り店,293,-104,586,-209,1172,-418,2344,-835,4689,-1670,9378,-3339,35.729886111111,139.716040833333,http://alfalfalfa.com/archives/399432.html,96,ほんとうにおいしい東京のラーメン屋：アルファルファモザイク
熊本ラーメン肥後のれん,293,-104,586,-209,1172,-418,2343,-836,4687,-1671,9373,-3343,35.690520833333,139.703157500000,http://alfalfalfa.com/archives/399432.html,96,ほんとうにおいしい東京のラーメン屋：アルファルファモザイク
らーめん山頭火中野店,293,-104,586,-209,1172,-417,2343,-835,4686,-1670,9373,-3340,35.707584444444,139.665737777778,http://alfalfalfa.com/archives/399432.html,96,ほんとうにおいしい東京のラーメン屋：アルファルファモザイク
熊本ラーメンひごもんず品川店,293,-105,586,-209,1171,-419,2342,-838,4684,-1675,9369,-3350,35.626770555556,139.738006944444,http://alfalfalfa.com/archives/399432.html,96,ほんとうにおいしい東京のラーメン屋：アルファルファモザイク
ラーメン魚祐,293,-105,586,-209,1172,-418,2343,-837,4686,-1673,9371,-3347,35.661816111111,139.723245833333,http://alfalfalfa.com/archives/399432.html,96,ほんとうにおいしい東京のラーメン屋：アルファルファモザイク
ラーメン・おやじ町田店,292,-105,584,-209,1169,-418,2337,-836,4674,-1672,9348,-3345,35.547552500000,139.447495277778,http://alfalfalfa.com/archives/399432.html,96,ほんとうにおいしい東京のラーメン屋：アルファルファモザイク
尾道ラーメン麺一筋,293,-104,586,-209,1172,-418,2345,-835,4689,-1670,9378,-3341,35.725856388889,139.730265000000,http://alfalfalfa.com/archives/399432.html,96,ほんとうにおいしい東京のラーメン屋：アルファルファモザイク
山頭火渋谷店,293,-104,586,-209,1171,-418,2342,-837,4685,-1673,9370,-3346,35.655625000000,139.706436388889,http://alfalfalfa.com/archives/399432.html,96,ほんとうにおいしい東京のラーメン屋：アルファルファモザイク
ラーメン市場,293,-105,587,-209,1173,-419,2346,-838,4692,-1675,9383,-3351,35.703199166667,139.902081388889,http://alfalfalfa.com/archives/399432.html,96,ほんとうにおいしい東京のラーメン屋：アルファルファモザイク
有限会社ラーメンカンパニー　ひるがお新宿御苑店,293,-104,586,-209,1172,-418,2343,-836,4687,-1672,9374,-3343,35.690518333333,139.711745555556,http://alfalfalfa.com/archives/399432.html,96,ほんとうにおいしい東京のラーメン屋：アルファルファモザイク
ラーメン一政,293,-105,585,-210,1171,-419,2341,-838,4683,-1676,9365,-3352,35.602769722222,139.712879166667,http://alfalfalfa.com/archives/399432.html,96,ほんとうにおいしい東京のラーメン屋：アルファルファモザイク
らーめん山頭火五反田店,293,-105,586,-209,1171,-419,2342,-837,4684,-1675,9368,-3350,35.625953611111,139.720838888889,http://alfalfalfa.com/archives/399432.html,96,ほんとうにおいしい東京のラーメン屋：アルファルファモザイク
ＴＯＫＹＯ味噌らーめんＡＯ,293,-105,586,-209,1172,-418,2344,-837,4688,-1673,9376,-3346,35.685320277778,139.770038333333,http://alfalfalfa.com/archives/399432.html,96,ほんとうにおいしい東京のラーメン屋：アルファルファモザイク
江田島一番,293,-104,586,-209,1172,-418,2345,-835,4689,-1670,9379,-3340,35.732155833333,139.735941944444,http://alfalfalfa.com/archives/399432.html,96,ほんとうにおいしい東京のラーメン屋：アルファルファモザイク
末宝園,293,-104,586,-208,1171,-417,2343,-833,4686,-1667,9372,-3334,35.727902500000,139.590151666667,http://alfalfalfa.com/archives/399432.html,96,ほんとうにおいしい東京のラーメン屋：アルファルファモザイク
糸ぐるま大崎ニューシティ店,293,-105,586,-209,1171,-419,2342,-838,4684,-1675,9368,-3351,35.620218333333,139.729049444444,http://alfalfalfa.com/archives/399432.html,96,ほんとうにおいしい東京のラーメン屋：アルファルファモザイク
パンダ南蒲田店,292,-105,585,-210,1170,-420,2340,-839,4681,-1678,9362,-3356,35.559261666667,139.725824444444,http://alfalfalfa.com/archives/399432.html,96,ほんとうにおいしい東京のラーメン屋：アルファルファモザイク
豚骨ラーメン　じゃぐら,293,-104,586,-209,1172,-417,2343,-835,4686,-1670,9372,-3339,35.70054595,139.64758422,http://alfalfalfa.com/archives/399432.html,96,ほんとうにおいしい東京のラーメン屋：アルファルファモザイク
和三房早稲田店,293,-104,586,-209,1172,-418,2344,-836,4688,-1671,9376,-3342,35.704728333333,139.726596666667,http://alfalfalfa.com/archives/399432.html,96,ほんとうにおいしい東京のラーメン屋：アルファルファモザイク
ずんどう屋西麻布店,293,-105,586,-209,1172,-418,2343,-837,4686,-1673,9371,-3347,35.660266388889,139.726187222222,http://alfalfalfa.com/archives/399432.html,96,ほんとうにおいしい東京のラーメン屋：アルファルファモザイク
中華飯店,293,-104,586,-208,1172,-417,2345,-833,4689,-1666,9378,-3332,35.772793333333,139.641498333333,http://alfalfalfa.com/archives/399432.html,96,ほんとうにおいしい東京のラーメン屋：アルファルファモザイク
進京亭,293,-104,585,-209,1171,-418,2342,-835,4684,-1671,9368,-3342,35.668899166667,139.633020000000,http://alfalfalfa.com/archives/399432.html,96,ほんとうにおいしい東京のラーメン屋：アルファルファモザイク
桂花新宿末広店,293,-104,586,-209,1172,-418,2343,-836,4687,-1671,9373,-3343,35.690837500000,139.706054444444,http://alfalfalfa.com/archives/399432.html,96,ほんとうにおいしい東京のラーメン屋：アルファルファモザイク
らーめん平太周味庵,293,-105,586,-209,1171,-419,2342,-838,4684,-1675,9368,-3350,35.622417777778,139.723161111111,http://alfalfalfa.com/archives/399432.html,96,ほんとうにおいしい東京のラーメン屋：アルファルファモザイク
多賀野,293,-105,585,-210,1171,-419,2341,-838,4683,-1675,9366,-3351,35.60975516,139.71152628,http://alfalfalfa.com/archives/399432.html,96,ほんとうにおいしい東京のラーメン屋：アルファルファモザイク
山頭火新宿南口店,293,-104,586,-209,1172,-418,2343,-836,4687,-1671,9373,-3343,35.688745833333,139.698430277778,http://alfalfalfa.com/archives/399432.html,96,ほんとうにおいしい東京のラーメン屋：アルファルファモザイク
横浜家系ラーメン壱七家,293,-104,585,-208,1170,-416,2340,-832,4680,-1665,9361,-3329,35.697312500000,139.412729166667,http://alfalfalfa.com/archives/399432.html,96,ほんとうにおいしい東京のラーメン屋：アルファルファモザイク
ラーメン一松,292,-104,585,-208,1170,-415,2340,-830,4681,-1660,9362,-3320,35.746163055556,139.325912777778,http://alfalfalfa.com/archives/399432.html,96,ほんとうにおいしい東京のラーメン屋：アルファルファモザイク
すがもらーめん,293,-104,586,-209,1172,-418,2345,-835,4690,-1670,9379,-3340,35.734250277778,139.739202777778,http://alfalfalfa.com/archives/399432.html,96,ほんとうにおいしい東京のラーメン屋：アルファルファモザイク
江戸前味噌ラーメン,293,-104,586,-208,1173,-416,2345,-833,4691,-1665,9381,-3331,35.791360277778,139.653599444444,http://alfalfalfa.com/archives/399432.html,96,ほんとうにおいしい東京のラーメン屋：アルファルファモザイク
尾道ラーメン麺一筋,293,-105,586,-209,1172,-418,2344,-836,4688,-1672,9377,-3344,35.699232222222,139.753363888889,http://alfalfalfa.com/archives/399432.html,96,ほんとうにおいしい東京のラーメン屋：アルファルファモザイク
らうめんさぶ郎,293,-105,586,-209,1171,-419,2342,-837,4684,-1675,9368,-3350,35.627008888889,139.720880555556,http://alfalfalfa.com/archives/399432.html,96,ほんとうにおいしい東京のラーメン屋：アルファルファモザイク
春木屋,293,-104,586,-208,1171,-417,2342,-834,4684,-1668,9369,-3336,35.705779722222,139.577473055556,http://alfalfalfa.com/archives/399432.html,96,ほんとうにおいしい東京のラーメン屋：アルファルファモザイク
揚州商人町田店,292,-105,584,-209,1169,-418,2337,-836,4674,-1672,9348,-3345,35.544827777778,139.446603611111,http://alfalfalfa.com/archives/399432.html,96,ほんとうにおいしい東京のラーメン屋：アルファルファモザイク
ラーメンおやじ町田店,292,-105,584,-209,1169,-418,2337,-836,4674,-1672,9348,-3345,35.5475526,139.447495,http://alfalfalfa.com/archives/399432.html,96,ほんとうにおいしい東京のラーメン屋：アルファルファモザイク
梅みそラーメン,293,-103,585,-207,1170,-414,2340,-828,4681,-1655,9362,-3310,35.798124166667,139.214977500000,http://alfalfalfa.com/archives/399432.html,96,ほんとうにおいしい東京のラーメン屋：アルファルファモザイク
桂花新宿東口駅前店,293,-104,586,-209,1172,-418,2343,-836,4687,-1671,9373,-3343,35.692745555556,139.701996388889,http://alfalfalfa.com/archives/399432.html,96,ほんとうにおいしい東京のラーメン屋：アルファルファモザイク
広州市場大塚店,293,-104,586,-209,1172,-418,2345,-835,4689,-1670,9378,-3340,35.729981111111,139.728889722222,http://alfalfalfa.com/archives/399432.html,96,ほんとうにおいしい東京のラーメン屋：アルファルファモザイク
らーめん七福家早稲田店,293,-104,586,-209,1172,-418,2344,-835,4688,-1671,9376,-3342,35.706169444444,139.720427500000,http://alfalfalfa.com/archives/399432.html,96,ほんとうにおいしい東京のラーメン屋：アルファルファモザイク
有限会社六角家,293,-105,585,-210,1170,-420,2340,-840,4681,-1679,9361,-3358,35.552321944444,139.737299444444,http://alfalfalfa.com/archives/399432.html,96,ほんとうにおいしい東京のラーメン屋：アルファルファモザイク
春木屋めんめん,293,-104,586,-209,1171,-418,2342,-837,4684,-1674,9369,-3347,35.643698333333,139.700448333333,http://alfalfalfa.com/archives/399432.html,96,ほんとうにおいしい東京のラーメン屋：アルファルファモザイク
ラーメン二郎品川店,293,-105,586,-209,1171,-419,2342,-838,4684,-1676,9369,-3351,35.623893333333,139.742995555556,http://alfalfalfa.com/archives/399432.html,96,ほんとうにおいしい東京のラーメン屋：アルファルファモザイク
江戸前味噌らーめん　麺場　田所商店,293,-105,586,-209,1172,-419,2344,-837,4688,-1674,9376,-3349,35.6703727,139.799014,http://alfalfalfa.com/archives/399432.html,96,ほんとうにおいしい東京のラーメン屋：アルファルファモザイク
ラーメン二郎歌舞伎町店,293,-104,586,-209,1172,-418,2343,-836,4687,-1671,9374,-3342,35.695756388889,139.701924166667,http://alfalfalfa.com/archives/399432.html,96,ほんとうにおいしい東京のラーメン屋：アルファルファモザイク
一蘭渋谷神南１丁目店,293,-104,586,-209,1171,-418,2343,-836,4685,-1673,9370,-3346,35.661126944444,139.701045000000,http://alfalfalfa.com/archives/399432.html,96,ほんとうにおいしい東京のラーメン屋：アルファルファモザイク
ラーメン二郎虎ノ門店,293,-105,586,-209,1172,-418,2343,-837,4686,-1674,9373,-3347,35.667105000000,139.746299166667,http://alfalfalfa.com/archives/399432.html,96,ほんとうにおいしい東京のラーメン屋：アルファルファモザイク
原価堂,293,-105,586,-209,1173,-418,2346,-835,4691,-1671,9382,-3341,35.746942222222,139.783026666667,http://alfalfalfa.com/archives/399432.html,96,ほんとうにおいしい東京のラーメン屋：アルファルファモザイク
山頭火日本橋店,293,-105,586,-209,1172,-418,2344,-837,4688,-1673,9375,-3347,35.680690277778,139.771088333333,http://alfalfalfa.com/archives/399432.html,96,ほんとうにおいしい東京のラーメン屋：アルファルファモザイク
蒙古タンメン中本目黒,293,-105,586,-209,1171,-419,2342,-837,4684,-1675,9368,-3349,35.634869166667,139.716933333333,http://alfalfalfa.com/archives/399432.html,96,ほんとうにおいしい東京のラーメン屋：アルファルファモザイク
中華食堂日高屋巣鴨北口店,293,-104,586,-209,1172,-418,2345,-835,4690,-1670,9379,-3340,35.734133611111,139.738894444444,http://alfalfalfa.com/archives/399432.html,96,ほんとうにおいしい東京のラーメン屋：アルファルファモザイク
一蘭六本木大江戸線駅上店,293,-105,586,-209,1172,-418,2343,-837,4686,-1673,9372,-3347,35.664213333333,139.731511666667,http://alfalfalfa.com/archives/399432.html,96,ほんとうにおいしい東京のラーメン屋：アルファルファモザイク
博多天神,293,-104,586,-209,1172,-418,2343,-836,4687,-1671,9374,-3342,35.695214722222,139.698007777778,http://alfalfalfa.com/archives/399432.html,96,ほんとうにおいしい東京のラーメン屋：アルファルファモザイク
ラーメン二郎池袋東口店,293,-104,586,-209,1172,-418,2344,-835,4689,-1670,9377,-3340,35.728278055556,139.713835555556,http://alfalfalfa.com/archives/399432.html,96,ほんとうにおいしい東京のラーメン屋：アルファルファモザイク
紅菜館,293,-105,586,-209,1172,-418,2344,-837,4688,-1674,9376,-3347,35.686545555556,139.783446388889,http://alfalfalfa.com/archives/399432.html,96,ほんとうにおいしい東京のラーメン屋：アルファルファモザイク
味噌らーめん仙,293,-105,587,-209,1173,-418,2346,-837,4693,-1673,9385,-3347,35.733559166667,139.880043333333,http://alfalfalfa.com/archives/399432.html,96,ほんとうにおいしい東京のラーメン屋：アルファルファモザイク
ラーメンパンダ,293,-105,587,-209,1173,-418,2347,-835,4694,-1670,9387,-3341,35.772809166667,139.830059722222,http://alfalfalfa.com/archives/399432.html,96,ほんとうにおいしい東京のラーメン屋：アルファルファモザイク
ラーメンハウスたなか,293,-104,586,-208,1172,-417,2344,-833,4687,-1667,9374,-3333,35.742131666667,139.603486111111,http://alfalfalfa.com/archives/399432.html,96,ほんとうにおいしい東京のラーメン屋：アルファルファモザイク
地雷源,293,-104,586,-209,1172,-417,2343,-835,4686,-1670,9373,-3340,35.70322114,139.66603804,http://alfalfalfa.com/archives/399432.html,96,ほんとうにおいしい東京のラーメン屋：アルファルファモザイク
ちゃんぽん亭,293,-104,585,-209,1171,-418,2342,-835,4684,-1671,9368,-3342,35.668782777778,139.635533611111,http://alfalfalfa.com/archives/399432.html,96,ほんとうにおいしい東京のラーメン屋：アルファルファモザイク
一蘭立川南口店,293,-104,585,-208,1170,-416,2340,-832,4680,-1665,9361,-3329,35.697060000000,139.415659444444,http://alfalfalfa.com/archives/399432.html,96,ほんとうにおいしい東京のラーメン屋：アルファルファモザイク
ラーメン英下高井戸店,293,-104,585,-209,1171,-418,2342,-836,4684,-1671,9368,-3342,35.664527777778,139.636450277778,http://alfalfalfa.com/archives/399432.html,96,ほんとうにおいしい東京のラーメン屋：アルファルファモザイク
神戸ラーメン第一旭,293,-104,586,-209,1171,-418,2342,-836,4685,-1671,9369,-3342,35.670438333333,139.649979722222,http://alfalfalfa.com/archives/399432.html,96,ほんとうにおいしい東京のラーメン屋：アルファルファモザイク
バサノバ,293,-104,586,-209,1171,-418,2342,-836,4684,-1672,9369,-3343,35.663614444444,139.660309444444,http://alfalfalfa.com/archives/399432.html,96,ほんとうにおいしい東京のラーメン屋：アルファルファモザイク
一蘭町田店,292,-105,584,-209,1169,-418,2337,-836,4674,-1673,9348,-3345,35.543911388889,139.447673055556,http://alfalfalfa.com/archives/399432.html,96,ほんとうにおいしい東京のラーメン屋：アルファルファモザイク
つけ麺岡崎西口劇場通り店,293,-104,586,-209,1172,-417,2344,-835,4689,-1669,9378,-3339,35.736190833333,139.709527222222,http://oryouri.2chblog.jp/archives/6232369.html,92,池袋でメシ食うとしたらどこ行けばいいんだよ：[2ch]お料理速報
タリーズコーヒー大塚店,293,-104,586,-209,1172,-418,2345,-835,4689,-1670,9378,-3340,35.730511388889,139.728961944444,http://oryouri.2chblog.jp/archives/6232369.html,92,池袋でメシ食うとしたらどこ行けばいいんだよ：[2ch]お料理速報
寿し常 Esola池袋店,293,-104,586,-209,1172,-417,2344,-835,4689,-1669,9378,-3339,35.73179694,139.70924423,http://oryouri.2chblog.jp/archives/6232369.html,92,池袋でメシ食うとしたらどこ行けばいいんだよ：[2ch]お料理速報
ぶあいそ　西池袋,293,-104,586,-209,1172,-417,2344,-835,4689,-1669,9378,-3339,35.731760833333,139.709133055556,http://oryouri.2chblog.jp/archives/6232369.html,92,池袋でメシ食うとしたらどこ行けばいいんだよ：[2ch]お料理速報
桂花ラーメン池袋サンシャイン６０通り店,293,-104,586,-209,1172,-418,2344,-835,4689,-1670,9378,-3339,35.729886111111,139.716040833333,http://oryouri.2chblog.jp/archives/6232369.html,92,池袋でメシ食うとしたらどこ行けばいいんだよ：[2ch]お料理速報
すしつね匠エソラ池袋店,293,-104,586,-209,1172,-417,2344,-835,4689,-1669,9378,-3339,35.729752777778,139.709652500000,http://oryouri.2chblog.jp/archives/6232369.html,92,池袋でメシ食うとしたらどこ行けばいいんだよ：[2ch]お料理速報
タリーズコーヒーアトレヴィ巣鴨店,293,-104,586,-209,1172,-418,2345,-835,4690,-1670,9379,-3340,35.733577500000,139.739319722222,http://oryouri.2chblog.jp/archives/6232369.html,92,池袋でメシ食うとしたらどこ行けばいいんだよ：[2ch]お料理速報
ぼんご弐エチカ池袋店,293,-104,586,-209,1172,-417,2344,-835,4689,-1669,9377,-3339,35.731208055556,139.707363888889,http://oryouri.2chblog.jp/archives/6232369.html,92,池袋でメシ食うとしたらどこ行けばいいんだよ：[2ch]お料理速報
グレートインディア池袋３号店,293,-104,586,-209,1172,-417,2344,-835,4689,-1669,9377,-3339,35.730983055556,139.706369444444,http://oryouri.2chblog.jp/archives/6232369.html,92,池袋でメシ食うとしたらどこ行けばいいんだよ：[2ch]お料理速報
メゾンカイザー池袋店,293,-104,586,-209,1172,-418,2344,-835,4689,-1670,9378,-3340,35.729030833333,139.719565555556,http://oryouri.2chblog.jp/archives/6232369.html,92,池袋でメシ食うとしたらどこ行けばいいんだよ：[2ch]お料理速報
つけ麺　御法度,293,-104,586,-209,1172,-417,2344,-835,4689,-1669,9378,-3339,35.73253104,139.70991498,http://oryouri.2chblog.jp/archives/6232369.html,92,池袋でメシ食うとしたらどこ行けばいいんだよ：[2ch]お料理速報
洋麺屋五右衛門　池袋東口店,293,-104,586,-209,1172,-418,2344,-835,4689,-1670,9377,-3340,35.728236388889,139.713530000000,http://oryouri.2chblog.jp/archives/6232369.html,92,池袋でメシ食うとしたらどこ行けばいいんだよ：[2ch]お料理速報
バーミヤン高田馬場駅東店,293,-104,586,-209,1172,-418,2344,-835,4688,-1670,9376,-3340,35.715979166667,139.705948055556,http://oryouri.2chblog.jp/archives/6232369.html,92,池袋でメシ食うとしたらどこ行けばいいんだよ：[2ch]お料理速報
タカセ洋菓子株式会社　東池袋店,293,-104,586,-209,1172,-418,2344,-835,4689,-1670,9377,-3340,35.728425277778,139.715871666667,http://oryouri.2chblog.jp/archives/6232369.html,92,池袋でメシ食うとしたらどこ行けばいいんだよ：[2ch]お料理速報
デニーズ北池袋店,293,-104,586,-209,1172,-417,2344,-835,4689,-1669,9378,-3339,35.739243333333,139.710630000000,http://oryouri.2chblog.jp/archives/6232369.html,92,池袋でメシ食うとしたらどこ行けばいいんだよ：[2ch]お料理速報
大勝軒七福,293,-104,586,-209,1172,-418,2344,-835,4688,-1670,9377,-3340,35.728194444444,139.709277777778,http://oryouri.2chblog.jp/archives/6232369.html,92,池袋でメシ食うとしたらどこ行けばいいんだよ：[2ch]お料理速報
Ｗｉｎｅｂａｒ　＆　Ｂｉｓｔｒｏ　ＢＯＮＡＰＡＲＴＥ　Ｅｃｈｉｋａ池袋,293,-104,586,-209,1172,-417,2344,-835,4689,-1669,9377,-3339,35.7312080,139.707363,http://oryouri.2chblog.jp/archives/6232369.html,92,池袋でメシ食うとしたらどこ行けばいいんだよ：[2ch]お料理速報
会津喜多方ラーメン小法師大塚店,293,-104,586,-209,1172,-418,2345,-835,4689,-1670,9378,-3340,35.732353055556,139.728420277778,http://oryouri.2chblog.jp/archives/6232369.html,92,池袋でメシ食うとしたらどこ行けばいいんだよ：[2ch]お料理速報
タリーズコーヒー池袋サンシャインシティアルパ店,293,-104,586,-209,1172,-418,2344,-835,4689,-1670,9378,-3340,35.729030833333,139.719565555556,http://oryouri.2chblog.jp/archives/6232369.html,92,池袋でメシ食うとしたらどこ行けばいいんだよ：[2ch]お料理速報
牛角池袋明治通り店,293,-104,586,-209,1172,-418,2344,-835,4689,-1670,9377,-3340,35.727322500000,139.712141388889,http://oryouri.2chblog.jp/archives/6232369.html,92,池袋でメシ食うとしたらどこ行けばいいんだよ：[2ch]お料理速報
味源池袋店,293,-104,586,-209,1172,-417,2344,-835,4689,-1669,9377,-3339,35.731438611111,139.706752777778,http://oryouri.2chblog.jp/archives/6232369.html,92,池袋でメシ食うとしたらどこ行けばいいんだよ：[2ch]お料理速報
グレートインディア大久保店,293,-104,586,-209,1172,-417,2344,-835,4689,-1669,9378,-3339,35.733352500000,139.711341111111,http://oryouri.2chblog.jp/archives/6232369.html,92,池袋でメシ食うとしたらどこ行けばいいんだよ：[2ch]お料理速報
手作り居酒屋 甘太郎 池袋明治通り店,293,-104,586,-209,1172,-418,2344,-835,4689,-1670,9377,-3340,35.72830019,139.71242188,http://oryouri.2chblog.jp/archives/6232369.html,92,池袋でメシ食うとしたらどこ行けばいいんだよ：[2ch]お料理速報
紅虎餃子房池袋店,293,-104,586,-209,1172,-418,2344,-835,4689,-1670,9378,-3340,35.729030833333,139.719565555556,http://oryouri.2chblog.jp/archives/6232369.html,92,池袋でメシ食うとしたらどこ行けばいいんだよ：[2ch]お料理速報
デニーズ巣鴨駅前店,293,-104,586,-209,1172,-418,2345,-835,4690,-1670,9379,-3340,35.734133611111,139.738894444444,http://oryouri.2chblog.jp/archives/6232369.html,92,池袋でメシ食うとしたらどこ行けばいいんだよ：[2ch]お料理速報
春木屋,293,-104,586,-209,1172,-417,2344,-835,4689,-1669,9377,-3339,35.730746944444,139.706236111111,http://oryouri.2chblog.jp/archives/6232369.html,92,池袋でメシ食うとしたらどこ行けばいいんだよ：[2ch]お料理速報
ＢＯＮＡＰＡＲＴＥ・Ｅｃｈｉｋａ池袋,293,-104,586,-209,1172,-417,2344,-835,4689,-1669,9377,-3339,35.731208055556,139.707363888889,http://oryouri.2chblog.jp/archives/6232369.html,92,池袋でメシ食うとしたらどこ行けばいいんだよ：[2ch]お料理速報
カブト虫,293,-104,586,-209,1172,-418,2345,-835,4689,-1670,9378,-3340,35.732353055556,139.728420277778,http://oryouri.2chblog.jp/archives/6232369.html,92,池袋でメシ食うとしたらどこ行けばいいんだよ：[2ch]お料理速報
BASSO ドリルマン,293,-104,586,-209,1172,-417,2344,-835,4688,-1670,9377,-3339,35.72669455376,139.70283943392,http://oryouri.2chblog.jp/archives/6232369.html,92,池袋でメシ食うとしたらどこ行けばいいんだよ：[2ch]お料理速報
太陽のトマト麺大塚北口店,293,-104,586,-209,1172,-418,2345,-835,4689,-1670,9378,-3340,35.733613888889,139.726678888889,http://oryouri.2chblog.jp/archives/6232369.html,92,池袋でメシ食うとしたらどこ行けばいいんだよ：[2ch]お料理速報
びっくりドンキー池袋サンシャイン通店,293,-104,586,-209,1172,-418,2344,-835,4689,-1670,9378,-3339,35.730427777778,139.715632777778,http://oryouri.2chblog.jp/archives/6232369.html,92,池袋でメシ食うとしたらどこ行けばいいんだよ：[2ch]お料理速報
カンデラおばさんのパスタ小屋池袋店,293,-104,586,-209,1172,-418,2344,-835,4689,-1670,9378,-3339,35.729475000000,139.714407777778,http://oryouri.2chblog.jp/archives/6232369.html,92,池袋でメシ食うとしたらどこ行けばいいんだよ：[2ch]お料理速報
日本海庄や　ヤマダ電機ＬＡＢＩ１池袋店,293,-104,586,-209,1172,-418,2344,-835,4689,-1670,9378,-3339,35.730909099893,139.71369750166,http://oryouri.2chblog.jp/archives/6232369.html,92,池袋でメシ食うとしたらどこ行けばいいんだよ：[2ch]お料理速報
銀座洋食三笠会館,293,-104,586,-209,1172,-418,2344,-835,4689,-1670,9378,-3339,35.731188888889,139.712624444444,http://oryouri.2chblog.jp/archives/6232369.html,92,池袋でメシ食うとしたらどこ行けばいいんだよ：[2ch]お料理速報
とんこつラーメンだるまのめ池袋西口店,293,-104,586,-209,1172,-417,2344,-835,4689,-1669,9378,-3339,35.731499722222,139.709508055556,http://oryouri.2chblog.jp/archives/6232369.html,92,池袋でメシ食うとしたらどこ行けばいいんだよ：[2ch]お料理速報
タカセ洋菓子株式会社　南池袋店,293,-104,586,-209,1172,-418,2344,-835,4689,-1670,9377,-3340,35.726367222222,139.713483055556,http://oryouri.2chblog.jp/archives/6232369.html,92,池袋でメシ食うとしたらどこ行けばいいんだよ：[2ch]お料理速報
鉄板酒処　はな家,293,-104,586,-209,1172,-418,2344,-835,4689,-1670,9378,-3339,35.73239968,139.7155841,http://oryouri.2chblog.jp/archives/6232369.html,92,池袋でメシ食うとしたらどこ行けばいいんだよ：[2ch]お料理速報
スープストックトーキョーＥｃｈｉｋａ池袋店,293,-104,586,-209,1172,-417,2344,-835,4689,-1669,9377,-3339,35.731208055556,139.707363888889,http://oryouri.2chblog.jp/archives/6232369.html,92,池袋でメシ食うとしたらどこ行けばいいんだよ：[2ch]お料理速報
３００宴や百楽,293,-104,586,-209,1172,-417,2344,-835,4689,-1669,9378,-3339,35.732952500000,139.710616388889,http://oryouri.2chblog.jp/archives/6232369.html,92,池袋でメシ食うとしたらどこ行けばいいんだよ：[2ch]お料理速報
デニーズ高田馬場店,293,-104,586,-209,1172,-418,2344,-835,4688,-1670,9376,-3341,35.715465277778,139.708256111111,http://oryouri.2chblog.jp/archives/6232369.html,92,池袋でメシ食うとしたらどこ行けばいいんだよ：[2ch]お料理速報
銀座酒房六角池袋西口店,293,-104,586,-209,1172,-417,2344,-835,4689,-1669,9377,-3339,35.729194444444,139.708830555556,http://oryouri.2chblog.jp/archives/6232369.html,92,池袋でメシ食うとしたらどこ行けばいいんだよ：[2ch]お料理速報
珈琲館椎名町店,293,-104,586,-209,1172,-417,2344,-835,4688,-1669,9376,-3339,35.727505277778,139.693695833333,http://oryouri.2chblog.jp/archives/6232369.html,92,池袋でメシ食うとしたらどこ行けばいいんだよ：[2ch]お料理速報
ジンギスカン義経,293,-104,586,-209,1172,-417,2344,-835,4689,-1669,9377,-3339,35.730330277778,139.706630555556,http://oryouri.2chblog.jp/archives/6232369.html,92,池袋でメシ食うとしたらどこ行けばいいんだよ：[2ch]お料理速報
喜多方ラーメン坂内池袋店,293,-104,586,-209,1172,-418,2344,-835,4689,-1670,9378,-3340,35.728814166667,139.720193333333,http://oryouri.2chblog.jp/archives/6232369.html,92,池袋でメシ食うとしたらどこ行けばいいんだよ：[2ch]お料理速報
大勝軒大塚,293,-104,586,-209,1172,-418,2345,-835,4689,-1670,9379,-3340,35.732028055556,139.730556388889,http://oryouri.2chblog.jp/archives/6232369.html,92,池袋でメシ食うとしたらどこ行けばいいんだよ：[2ch]お料理速報
美食・個室居酒屋　〜池袋水族館〜,293,-104,586,-209,1172,-417,2344,-835,4689,-1669,9378,-3339,35.732725176368,139.70945695755,http://oryouri.2chblog.jp/archives/6232369.html,92,池袋でメシ食うとしたらどこ行けばいいんだよ：[2ch]お料理速報
八かく庵池袋店,293,-104,586,-209,1172,-418,2344,-835,4688,-1670,9377,-3340,35.728897222222,139.709455555556,http://oryouri.2chblog.jp/archives/6232369.html,92,池袋でメシ食うとしたらどこ行けばいいんだよ：[2ch]お料理速報
タカセ洋菓子株式会社,293,-104,586,-209,1172,-417,2344,-835,4689,-1669,9378,-3339,35.733469166667,139.711849444444,http://oryouri.2chblog.jp/archives/6232369.html,92,池袋でメシ食うとしたらどこ行けばいいんだよ：[2ch]お料理速報
手作り居酒屋 甘太郎　池袋明治通り店,293,-104,586,-209,1172,-418,2344,-835,4689,-1670,9377,-3340,35.7285426598,139.71229104784,http://oryouri.2chblog.jp/archives/6232369.html,92,池袋でメシ食うとしたらどこ行けばいいんだよ：[2ch]お料理速報
五月花,293,-104,586,-209,1172,-417,2344,-835,4689,-1669,9377,-3339,35.733510555556,139.704955555556,http://oryouri.2chblog.jp/archives/6232369.html,92,池袋でメシ食うとしたらどこ行けばいいんだよ：[2ch]お料理速報
株式会社三笠会館　アジオサンシャインアルパ店,293,-104,586,-209,1172,-418,2344,-835,4689,-1670,9378,-3340,35.729030833333,139.719565555556,http://oryouri.2chblog.jp/archives/6232369.html,92,池袋でメシ食うとしたらどこ行けばいいんだよ：[2ch]お料理速報
たんたん麺　池袋　やまべぇ,293,-104,586,-209,1172,-417,2344,-835,4689,-1669,9377,-3339,35.7304164,139.707536,http://oryouri.2chblog.jp/archives/6232369.html,92,池袋でメシ食うとしたらどこ行けばいいんだよ：[2ch]お料理速報
ティーヌン　池袋パルコ店,293,-104,586,-209,1172,-418,2344,-835,4689,-1670,9378,-3339,35.731188888889,139.712624444444,http://oryouri.2chblog.jp/archives/6232369.html,92,池袋でメシ食うとしたらどこ行けばいいんだよ：[2ch]お料理速報
ＳＵＢＷＡＹ池袋西口店,293,-104,586,-209,1172,-417,2344,-835,4689,-1669,9378,-3339,35.731302500000,139.709633055556,http://oryouri.2chblog.jp/archives/6232369.html,92,池袋でメシ食うとしたらどこ行けばいいんだよ：[2ch]お料理速報
トシマサロン勤労福祉会館店,293,-104,586,-209,1172,-417,2344,-835,4688,-1670,9377,-3339,35.727711111111,139.706661388889,http://oryouri.2chblog.jp/archives/6232369.html,92,池袋でメシ食うとしたらどこ行けばいいんだよ：[2ch]お料理速報
鳥常,293,-104,586,-209,1172,-418,2344,-835,4688,-1670,9376,-3341,35.718562500000,139.714674722222,http://oryouri.2chblog.jp/archives/6232369.html,92,池袋でメシ食うとしたらどこ行けばいいんだよ：[2ch]お料理速報
つけめん高木や高田馬場,293,-104,586,-209,1172,-418,2344,-835,4688,-1670,9376,-3341,35.713615555556,139.706295277778,http://oryouri.2chblog.jp/archives/6232369.html,92,池袋でメシ食うとしたらどこ行けばいいんだよ：[2ch]お料理速報
つけめん椿,293,-104,586,-209,1172,-417,2344,-835,4689,-1669,9378,-3339,35.733383055556,139.711382777778,http://oryouri.2chblog.jp/archives/6232369.html,92,池袋でメシ食うとしたらどこ行けばいいんだよ：[2ch]お料理速報
ラ・パウザ池袋明治通り店,293,-104,586,-209,1172,-418,2344,-835,4689,-1670,9377,-3340,35.728828055556,139.712535833333,http://oryouri.2chblog.jp/archives/6232369.html,92,池袋でメシ食うとしたらどこ行けばいいんだよ：[2ch]お料理速報
ティーヌン・ザ・ヌードルバールミネ池袋店,293,-104,586,-209,1172,-418,2344,-835,4688,-1670,9377,-3340,35.728897222222,139.709455555556,http://oryouri.2chblog.jp/archives/6232369.html,92,池袋でメシ食うとしたらどこ行けばいいんだよ：[2ch]お料理速報
広州市場大塚店,293,-104,586,-209,1172,-418,2345,-835,4689,-1670,9378,-3340,35.729981111111,139.728889722222,http://oryouri.2chblog.jp/archives/6232369.html,92,池袋でメシ食うとしたらどこ行けばいいんだよ：[2ch]お料理速報
すーぷ道・連,293,-104,586,-209,1173,-417,2345,-835,4690,-1669,9380,-3339,35.744534722222,139.728858611111,http://oryouri.2chblog.jp/archives/6232369.html,92,池袋でメシ食うとしたらどこ行けばいいんだよ：[2ch]お料理速報
ＳｏｕｐＳｔｏｃｋＴｏｋｙｏサンシャインシティアルパ店,293,-104,586,-209,1172,-418,2344,-835,4689,-1670,9378,-3340,35.729030833333,139.719565555556,http://oryouri.2chblog.jp/archives/6232369.html,92,池袋でメシ食うとしたらどこ行けばいいんだよ：[2ch]お料理速報
一蘭池袋東口店,293,-104,586,-209,1172,-418,2344,-835,4689,-1670,9378,-3339,35.732510833333,139.714157777778,http://oryouri.2chblog.jp/archives/6232369.html,92,池袋でメシ食うとしたらどこ行けばいいんだよ：[2ch]お料理速報
自遊空間池袋西口センタービル店,293,-104,586,-209,1172,-417,2344,-835,4689,-1669,9378,-3339,35.731083055556,139.708311111111,http://oryouri.2chblog.jp/archives/6232369.html,92,池袋でメシ食うとしたらどこ行けばいいんだよ：[2ch]お料理速報
三田製麺所池袋西口店,293,-104,586,-209,1172,-417,2344,-835,4689,-1669,9378,-3339,35.732724722222,139.709935833333,http://oryouri.2chblog.jp/archives/6232369.html,92,池袋でメシ食うとしたらどこ行けばいいんだよ：[2ch]お料理速報
スターバックスコーヒー池袋明治通り店,293,-104,586,-209,1172,-418,2344,-835,4689,-1670,9377,-3340,35.727911388889,139.711780277778,http://oryouri.2chblog.jp/archives/6232369.html,92,池袋でメシ食うとしたらどこ行けばいいんだよ：[2ch]お料理速報
掌,293,-104,586,-209,1172,-418,2345,-835,4689,-1670,9378,-3340,35.730364166667,139.727376111111,http://oryouri.2chblog.jp/archives/6232369.html,92,池袋でメシ食うとしたらどこ行けばいいんだよ：[2ch]お料理速報
九州　熱中屋　駒込ＬＩＶＥ,293,-104,586,-209,1172,-418,2345,-835,4690,-1670,9380,-3340,35.73633908,139.74766028,http://oryouri.2chblog.jp/archives/6232369.html,92,池袋でメシ食うとしたらどこ行けばいいんだよ：[2ch]お料理速報
揚州商人東池袋店,293,-104,586,-209,1172,-418,2344,-835,4689,-1670,9378,-3340,35.725081388889,139.720182500000,http://oryouri.2chblog.jp/archives/6232369.html,92,池袋でメシ食うとしたらどこ行けばいいんだよ：[2ch]お料理速報
デニーズ池袋東口店,293,-104,586,-209,1172,-418,2344,-835,4689,-1670,9378,-3339,35.729544444444,139.715030000000,http://oryouri.2chblog.jp/archives/6232369.html,92,池袋でメシ食うとしたらどこ行けばいいんだよ：[2ch]お料理速報
さしみ家魚常大塚店,293,-104,586,-209,1172,-418,2345,-835,4689,-1670,9378,-3340,35.732583333333,139.727792500000,http://oryouri.2chblog.jp/archives/6232369.html,92,池袋でメシ食うとしたらどこ行けばいいんだよ：[2ch]お料理速報
有限会社喜津禰和菓子,293,-104,586,-209,1172,-417,2345,-834,4689,-1669,9378,-3338,35.739615277778,139.698111388889,http://oryouri.2chblog.jp/archives/6232369.html,92,池袋でメシ食うとしたらどこ行けばいいんだよ：[2ch]お料理速報
東池袋大勝軒,293,-104,586,-209,1172,-418,2344,-835,4689,-1670,9377,-3340,35.725889444444,139.718468611111,http://oryouri.2chblog.jp/archives/6232369.html,92,池袋でメシ食うとしたらどこ行けばいいんだよ：[2ch]お料理速報
つけ麺 椿,293,-104,586,-209,1172,-417,2344,-835,4689,-1669,9378,-3339,35.73338293,139.71138288,http://oryouri.2chblog.jp/archives/6232369.html,92,池袋でメシ食うとしたらどこ行けばいいんだよ：[2ch]お料理速報
つけ麺道たけし,293,-104,586,-209,1172,-417,2344,-835,4689,-1669,9377,-3338,35.737537500000,139.689931666667,http://oryouri.2chblog.jp/archives/6232369.html,92,池袋でメシ食うとしたらどこ行けばいいんだよ：[2ch]お料理速報
ミルキーウエイ東口店,293,-104,586,-209,1172,-418,2344,-835,4689,-1670,9378,-3339,35.729416666667,139.714318888889,http://oryouri.2chblog.jp/archives/6232369.html,92,池袋でメシ食うとしたらどこ行けばいいんだよ：[2ch]お料理速報
高勢,293,-104,586,-209,1172,-418,2345,-835,4689,-1670,9379,-3340,35.729911666667,139.732731111111,http://oryouri.2chblog.jp/archives/6232369.html,92,池袋でメシ食うとしたらどこ行けばいいんだよ：[2ch]お料理速報
美登利寿司Ｅｃｈｉｋａ池袋店,293,-104,586,-209,1172,-417,2344,-835,4689,-1669,9377,-3339,35.731208055556,139.707363888889,http://oryouri.2chblog.jp/archives/6232369.html,92,池袋でメシ食うとしたらどこ行けばいいんだよ：[2ch]お料理速報
蒙古タンメン中本池袋,293,-104,586,-209,1172,-417,2344,-835,4689,-1669,9377,-3339,35.730508055556,139.707613888889,http://oryouri.2chblog.jp/archives/6232369.html,92,池袋でメシ食うとしたらどこ行けばいいんだよ：[2ch]お料理速報
ラーメン二郎池袋東口店,293,-104,586,-209,1172,-418,2344,-835,4689,-1670,9377,-3340,35.728278055556,139.713835555556,http://oryouri.2chblog.jp/archives/6232369.html,92,池袋でメシ食うとしたらどこ行けばいいんだよ：[2ch]お料理速報
純正コラーゲンスープ店,293,-104,586,-209,1172,-417,2344,-835,4689,-1669,9378,-3339,35.729753846203,139.70972094692,http://oryouri.2chblog.jp/archives/6232369.html,92,池袋でメシ食うとしたらどこ行けばいいんだよ：[2ch]お料理速報
弥三郎,293,-104,586,-209,1172,-417,2344,-835,4689,-1669,9378,-3339,35.729997222222,139.709677500000,http://oryouri.2chblog.jp/archives/6232369.html,92,池袋でメシ食うとしたらどこ行けばいいんだよ：[2ch]お料理速報
日本海庄やヤマダ電機池袋店,293,-104,586,-209,1172,-418,2344,-835,4689,-1670,9378,-3339,35.730902777778,139.713691111111,http://oryouri.2chblog.jp/archives/6232369.html,92,池袋でメシ食うとしたらどこ行けばいいんだよ：[2ch]お料理速報
グレートインディア池袋西口店,293,-104,586,-209,1172,-417,2344,-835,4689,-1669,9377,-3339,35.731913611111,139.707111111111,http://oryouri.2chblog.jp/archives/6232369.html,92,池袋でメシ食うとしたらどこ行けばいいんだよ：[2ch]お料理速報
沖縄料理美ら海,293,-104,586,-209,1172,-418,2344,-835,4689,-1670,9378,-3339,35.732085833333,139.713843888889,http://oryouri.2chblog.jp/archives/6232369.html,92,池袋でメシ食うとしたらどこ行けばいいんだよ：[2ch]お料理速報
ジンギスカン義経,293,-104,586,-209,1172,-417,2344,-835,4689,-1669,9377,-3339,35.730409249528,139.70671728677,http://oryouri.2chblog.jp/archives/6232369.html,92,池袋でメシ食うとしたらどこ行けばいいんだよ：[2ch]お料理速報
餃子の王将駒込店,293,-104,586,-209,1172,-418,2345,-835,4690,-1670,9380,-3340,35.734675277778,139.747849166667,http://oryouri.2chblog.jp/archives/6232369.html,92,池袋でメシ食うとしたらどこ行けばいいんだよ：[2ch]お料理速報
つけ麺屋 のぶなが,293,-104,586,-209,1172,-417,2344,-835,4689,-1669,9378,-3339,35.7328801,139.710737,http://oryouri.2chblog.jp/archives/6232369.html,92,池袋でメシ食うとしたらどこ行けばいいんだよ：[2ch]お料理速報
信州ほるもん亭板橋２号店,293,-104,586,-209,1173,-417,2345,-834,4690,-1669,9379,-3338,35.745423333333,139.713662777778,http://oryouri.2chblog.jp/archives/6232369.html,92,池袋でメシ食うとしたらどこ行けばいいんだよ：[2ch]お料理速報
デニーズ駒込駅前店,293,-104,586,-209,1172,-418,2345,-835,4690,-1670,9380,-3340,35.736280833333,139.747204722222,http://oryouri.2chblog.jp/archives/6232369.html,92,池袋でメシ食うとしたらどこ行けばいいんだよ：[2ch]お料理速報
牛角　池袋明治通り店,293,-104,586,-209,1172,-418,2344,-835,4689,-1670,9377,-3340,35.7273225,139.712141,http://oryouri.2chblog.jp/archives/6232369.html,92,池袋でメシ食うとしたらどこ行けばいいんだよ：[2ch]お料理速報
古都台南担々麺,293,-104,586,-209,1172,-417,2344,-835,4689,-1669,9378,-3339,35.732944166667,139.710021944444,http://oryouri.2chblog.jp/archives/6232369.html,92,池袋でメシ食うとしたらどこ行けばいいんだよ：[2ch]お料理速報
大山崎山荘美術館,285,-101,570,-202,1139,-405,2278,-809,4557,-1618,9113,-3237,34.895565000000,135.679642500000,http://news23vip.blog109.fc2.com/blog-entry-1903.html,382, おまえらお勧めの博物館美術館水族館動物園等を教えてください:VIPPERな俺
宮津市立公園府中公園,286,-98,572,-197,1145,-393,2289,-787,4579,-1574,9158,-3148,35.581098888889,135.199679166667,http://news23vip.blog109.fc2.com/blog-entry-1903.html,382, おまえらお勧めの博物館美術館水族館動物園等を教えてください:VIPPERな俺
オルゴール博物館,285,-101,570,-202,1141,-403,2281,-806,4563,-1612,9125,-3224,35.018531666667,135.676033333333,http://news23vip.blog109.fc2.com/blog-entry-1903.html,382, おまえらお勧めの博物館美術館水族館動物園等を教えてください:VIPPERな俺
カフェ・ドゥ・ゴスペル,285,-101,570,-202,1141,-404,2281,-808,4562,-1617,9123,-3234,34.956113333333,135.763505000000,http://news23vip.blog109.fc2.com/blog-entry-1903.html,382, おまえらお勧めの博物館美術館水族館動物園等を教えてください:VIPPERな俺
太陽が丘・京都府立山城総合運動公園,285,-101,570,-203,1139,-406,2279,-811,4558,-1622,9116,-3245,34.869698055556,135.803867777778,http://news23vip.blog109.fc2.com/blog-entry-1903.html,382, おまえらお勧めの博物館美術館水族館動物園等を教えてください:VIPPERな俺
府中公園,286,-98,572,-197,1145,-393,2289,-787,4579,-1574,9158,-3148,35.581710000000,135.194365833333,http://news23vip.blog109.fc2.com/blog-entry-1903.html,382, おまえらお勧めの博物館美術館水族館動物園等を教えてください:VIPPERな俺
南丹市立博物館・科学館文化博物館,285,-100,570,-201,1140,-401,2281,-802,4562,-1603,9124,-3207,35.106620833333,135.471253055556,http://news23vip.blog109.fc2.com/blog-entry-1903.html,382, おまえらお勧めの博物館美術館水族館動物園等を教えてください:VIPPERな俺
城陽市アイリスイン城陽,285,-101,570,-203,1139,-406,2279,-811,4557,-1623,9115,-3246,34.855791111111,135.799510277778,http://news23vip.blog109.fc2.com/blog-entry-1903.html,382, おまえらお勧めの博物館美術館水族館動物園等を教えてください:VIPPERな俺
京都嵐山オルゴール博物館,285,-101,570,-202,1141,-403,2281,-806,4563,-1612,9125,-3224,35.018531666667,135.676033333333,http://news23vip.blog109.fc2.com/blog-entry-1903.html,382, おまえらお勧めの博物館美術館水族館動物園等を教えてください:VIPPERな俺
アサヒビール大山崎山荘美術館,285,-101,570,-202,1139,-405,2278,-809,4557,-1618,9113,-3237,34.895565000000,135.679642500000,http://news23vip.blog109.fc2.com/blog-entry-1903.html,382, おまえらお勧めの博物館美術館水族館動物園等を教えてください:VIPPERな俺
文化博物館,285,-100,570,-201,1140,-401,2281,-802,4562,-1603,9124,-3207,35.106620833333,135.471253055556,http://news23vip.blog109.fc2.com/blog-entry-1903.html,382, おまえらお勧めの博物館美術館水族館動物園等を教えてください:VIPPERな俺
八幡市立公園さつき近隣公園・さつき市民プール,285,-101,570,-202,1139,-405,2278,-810,4556,-1620,9112,-3239,34.870641111111,135.695055555556,http://news23vip.blog109.fc2.com/blog-entry-1903.html,382, おまえらお勧めの博物館美術館水族館動物園等を教えてください:VIPPERな俺
大豊ラーメン佛大前店,285,-101,571,-201,1141,-403,2283,-806,4565,-1613,9130,-3225,35.043221388889,135.738609166667,http://oryouri.2chblog.jp/archives/6151542.html,27,京都で美味しいラーメン屋に行こうと思う。　とりあえずみよしって店に行けばいいんだろ？　：[2ch]お料理速報
幸楽苑京都山科店,285,-101,571,-202,1141,-404,2282,-809,4564,-1618,9128,-3235,34.982987222222,135.827209166667,http://oryouri.2chblog.jp/archives/6151542.html,27,京都で美味しいラーメン屋に行こうと思う。　とりあえずみよしって店に行けばいいんだろ？　：[2ch]お料理速報
天天有葛野大路店,285,-101,570,-202,1141,-403,2281,-807,4563,-1614,9125,-3228,35.000464166667,135.719958611111,http://oryouri.2chblog.jp/archives/6151542.html,27,京都で美味しいラーメン屋に行こうと思う。　とりあえずみよしって店に行けばいいんだろ？　：[2ch]お料理速報
中華そば海ゃ,285,-101,570,-202,1141,-404,2281,-808,4562,-1617,9124,-3234,34.968056666667,135.770726666667,http://oryouri.2chblog.jp/archives/6151542.html,27,京都で美味しいラーメン屋に行こうと思う。　とりあえずみよしって店に行けばいいんだろ？　：[2ch]お料理速報
ラーメン親爺,285,-101,570,-202,1141,-403,2282,-807,4564,-1613,9128,-3226,35.020865000000,135.723460833333,http://oryouri.2chblog.jp/archives/6151542.html,27,京都で美味しいラーメン屋に行こうと思う。　とりあえずみよしって店に行けばいいんだろ？　：[2ch]お料理速報
ラーメン壱番館,285,-101,570,-202,1141,-404,2281,-808,4563,-1615,9126,-3230,34.993090000000,135.749338611111,http://oryouri.2chblog.jp/archives/6151542.html,27,京都で美味しいラーメン屋に行こうと思う。　とりあえずみよしって店に行けばいいんだろ？　：[2ch]お料理速報
ラーメン一陽,285,-101,570,-202,1140,-404,2281,-807,4561,-1614,9122,-3229,34.982710000000,135.692880555556,http://oryouri.2chblog.jp/archives/6151542.html,27,京都で美味しいラーメン屋に行こうと思う。　とりあえずみよしって店に行けばいいんだろ？　：[2ch]お料理速報
新福菜館河原町店,285,-101,570,-202,1141,-404,2282,-807,4564,-1614,9127,-3229,35.009309722222,135.747955277778,http://oryouri.2chblog.jp/archives/6151542.html,27,京都で美味しいラーメン屋に行こうと思う。　とりあえずみよしって店に行けばいいんだろ？　：[2ch]お料理速報
すみれ京都店,285,-101,570,-202,1141,-404,2281,-808,4563,-1616,9126,-3231,34.985935277778,135.758789166667,http://oryouri.2chblog.jp/archives/6151542.html,27,京都で美味しいラーメン屋に行こうと思う。　とりあえずみよしって店に行けばいいんだろ？　：[2ch]お料理速報
一蘭京都四条河原町店,285,-101,570,-202,1141,-404,2282,-807,4564,-1615,9128,-3230,35.005739166667,135.767890277778,http://oryouri.2chblog.jp/archives/6151542.html,27,京都で美味しいラーメン屋に行こうと思う。　とりあえずみよしって店に行けばいいんだろ？　：[2ch]お料理速報
らーめん藤,285,-99,571,-198,1141,-397,2282,-793,4563,-1587,9127,-3173,35.294244722222,135.130751388889,http://oryouri.2chblog.jp/archives/6151542.html,27,京都で美味しいラーメン屋に行こうと思う。　とりあえずみよしって店に行けばいいんだろ？　：[2ch]お料理速報
新福菜館百万遍店,285,-101,571,-202,1141,-404,2283,-807,4565,-1614,9131,-3228,35.028723055556,135.781307777778,http://oryouri.2chblog.jp/archives/6151542.html,27,京都で美味しいラーメン屋に行こうと思う。　とりあえずみよしって店に行けばいいんだろ？　：[2ch]お料理速報
ますたに,285,-101,571,-202,1141,-404,2283,-807,4566,-1614,9131,-3229,35.028526111111,135.790429444444,http://oryouri.2chblog.jp/archives/6151542.html,27,京都で美味しいラーメン屋に行こうと思う。　とりあえずみよしって店に行けばいいんだろ？　：[2ch]お料理速報
ラーメンハウス盾,286,-99,571,-199,1143,-397,2286,-794,4572,-1588,9143,-3177,35.359192777778,135.353855833333,http://oryouri.2chblog.jp/archives/6151542.html,27,京都で美味しいラーメン屋に行こうと思う。　とりあえずみよしって店に行けばいいんだろ？　：[2ch]お料理速報
中華そばほそかわ,285,-101,570,-202,1140,-404,2281,-807,4562,-1615,9125,-3229,34.992415000000,135.728169166667,http://oryouri.2chblog.jp/archives/6151542.html,27,京都で美味しいラーメン屋に行こうと思う。　とりあえずみよしって店に行けばいいんだろ？　：[2ch]お料理速報
麺や高倉二条,285,-101,570,-202,1141,-404,2282,-807,4564,-1615,9128,-3229,35.01355242,135.76245718,http://oryouri.2chblog.jp/archives/6151542.html,27,京都で美味しいラーメン屋に行こうと思う。　とりあえずみよしって店に行けばいいんだろ？　：[2ch]お料理速報
ポッペ,286,-98,572,-197,1143,-394,2286,-788,4573,-1575,9146,-3151,35.512149444444,135.101162777778,http://oryouri.2chblog.jp/archives/6151542.html,27,京都で美味しいラーメン屋に行こうと思う。　とりあえずみよしって店に行けばいいんだろ？　：[2ch]お料理速報
神戸ラーメン本舗,285,-101,570,-202,1140,-405,2281,-809,4561,-1619,9123,-3238,34.937130000000,135.795031666667,http://oryouri.2chblog.jp/archives/6151542.html,27,京都で美味しいラーメン屋に行こうと思う。　とりあえずみよしって店に行けばいいんだろ？　：[2ch]お料理速報
大豊ラーメン,285,-101,570,-202,1141,-404,2282,-807,4564,-1614,9127,-3229,35.009309722222,135.747955277778,http://oryouri.2chblog.jp/archives/6151542.html,27,京都で美味しいラーメン屋に行こうと思う。　とりあえずみよしって店に行けばいいんだろ？　：[2ch]お料理速報
あかつき,285,-101,571,-202,1141,-404,2283,-807,4566,-1614,9132,-3228,35.031156388889,135.791323611111,http://oryouri.2chblog.jp/archives/6151542.html,27,京都で美味しいラーメン屋に行こうと思う。　とりあえずみよしって店に行けばいいんだろ？　：[2ch]お料理速報
ラーメン壱蔵,285,-101,570,-202,1141,-404,2282,-807,4564,-1615,9128,-3230,35.007580833333,135.768831666667,http://oryouri.2chblog.jp/archives/6151542.html,27,京都で美味しいラーメン屋に行こうと思う。　とりあえずみよしって店に行けばいいんだろ？　：[2ch]お料理速報
第一旭福知山店,285,-99,571,-198,1141,-397,2282,-793,4563,-1587,9127,-3173,35.291722777778,135.134059444444,http://oryouri.2chblog.jp/archives/6151542.html,27,京都で美味しいラーメン屋に行こうと思う。　とりあえずみよしって店に行けばいいんだろ？　：[2ch]お料理速報
五目麺屋彩美庵伏見本店,285,-101,570,-202,1140,-405,2280,-809,4561,-1618,9121,-3237,34.933223888889,135.764975833333,http://oryouri.2chblog.jp/archives/6151542.html,27,京都で美味しいラーメン屋に行こうと思う。　とりあえずみよしって店に行けばいいんだろ？　：[2ch]お料理速報
ラーメン荘夢を語れ,285,-101,571,-202,1142,-403,2283,-807,4566,-1614,9133,-3227,35.046126666667,135.785910555556,http://oryouri.2chblog.jp/archives/6151542.html,27,京都で美味しいラーメン屋に行こうと思う。　とりあえずみよしって店に行けばいいんだろ？　：[2ch]お料理速報
新福菜館本店,285,-101,570,-202,1141,-404,2281,-808,4563,-1616,9126,-3231,34.986888055556,135.762366388889,http://oryouri.2chblog.jp/archives/6151542.html,27,京都で美味しいラーメン屋に行こうと思う。　とりあえずみよしって店に行けばいいんだろ？　：[2ch]お料理速報
らーめんや亜喜英,285,-101,571,-202,1142,-403,2283,-807,4566,-1614,9133,-3227,35.046060000000,135.786849444444,http://oryouri.2chblog.jp/archives/6151542.html,27,京都で美味しいラーメン屋に行こうと思う。　とりあえずみよしって店に行けばいいんだろ？　：[2ch]お料理速報
らーめん大蔵一乗寺店,285,-101,571,-202,1142,-403,2283,-807,4566,-1614,9132,-3227,35.042552222222,135.783202500000,http://oryouri.2chblog.jp/archives/6151542.html,27,京都で美味しいラーメン屋に行こうと思う。　とりあえずみよしって店に行けばいいんだろ？　：[2ch]お料理速報
天天有,285,-101,570,-202,1141,-404,2282,-807,4564,-1615,9127,-3230,35.003081111111,135.759143888889,http://oryouri.2chblog.jp/archives/6151542.html,27,京都で美味しいラーメン屋に行こうと思う。　とりあえずみよしって店に行けばいいんだろ？　：[2ch]お料理速報
来来亭福知山店,285,-99,571,-198,1141,-396,2282,-792,4564,-1584,9128,-3169,35.323001388889,135.096753888889,http://oryouri.2chblog.jp/archives/6151542.html,27,京都で美味しいラーメン屋に行こうと思う。　とりあえずみよしって店に行けばいいんだろ？　：[2ch]お料理速報
新福菜館府立医大前店,285,-101,570,-202,1141,-404,2282,-807,4565,-1614,9130,-3228,35.023440277778,135.768914722222,http://oryouri.2chblog.jp/archives/6151542.html,27,京都で美味しいラーメン屋に行こうと思う。　とりあえずみよしって店に行けばいいんだろ？　：[2ch]お料理速報
天下一品銀閣寺店,285,-101,571,-202,1141,-404,2283,-807,4566,-1614,9131,-3229,35.028712222222,135.788504444444,http://oryouri.2chblog.jp/archives/6151542.html,27,京都で美味しいラーメン屋に行こうと思う。　とりあえずみよしって店に行けばいいんだろ？　：[2ch]お料理速報
中華そば殿加茂店,285,-102,569,-204,1139,-407,2277,-815,4554,-1629,9108,-3258,34.752569166667,135.862040277778,http://oryouri.2chblog.jp/archives/6151542.html,27,京都で美味しいラーメン屋に行こうと思う。　とりあえずみよしって店に行けばいいんだろ？　：[2ch]お料理速報
満月堂,285,-101,571,-202,1142,-403,2283,-807,4566,-1614,9132,-3228,35.038769444444,135.791382222222,http://oryouri.2chblog.jp/archives/6151542.html,27,京都で美味しいラーメン屋に行こうと思う。　とりあえずみよしって店に行けばいいんだろ？　：[2ch]お料理速報
スープ食道宝京都店,285,-101,570,-202,1140,-404,2280,-809,4560,-1618,9121,-3235,34.938175555556,135.750877500000,http://oryouri.2chblog.jp/archives/6151542.html,27,京都で美味しいラーメン屋に行こうと思う。　とりあえずみよしって店に行けばいいんだろ？　：[2ch]お料理速報
ぎおん三条,285,-101,570,-202,1141,-404,2282,-808,4563,-1616,9127,-3232,34.990405555556,135.778040555556,http://oryouri.2chblog.jp/archives/6151542.html,27,京都で美味しいラーメン屋に行こうと思う。　とりあえずみよしって店に行けばいいんだろ？　：[2ch]お料理速報
夜鳴きや,285,-101,571,-202,1141,-404,2282,-809,4564,-1617,9128,-3235,34.979462500000,135.824323333333,http://oryouri.2chblog.jp/archives/6151542.html,27,京都で美味しいラーメン屋に行こうと思う。　とりあえずみよしって店に行けばいいんだろ？　：[2ch]お料理速報
天天有長岡京店,285,-101,570,-202,1140,-404,2280,-808,4559,-1617,9118,-3233,34.935070000000,135.692148888889,http://oryouri.2chblog.jp/archives/6151542.html,27,京都で美味しいラーメン屋に行こうと思う。　とりあえずみよしって店に行けばいいんだろ？　：[2ch]お料理速報
新福菜館三条店,285,-101,570,-202,1141,-404,2282,-807,4564,-1614,9128,-3229,35.008355555556,135.752575000000,http://oryouri.2chblog.jp/archives/6151542.html,27,京都で美味しいラーメン屋に行こうと思う。　とりあえずみよしって店に行けばいいんだろ？　：[2ch]お料理速報
ラーメン魁力屋四条烏丸店,285,-101,570,-202,1141,-404,2282,-807,4564,-1614,9127,-3229,35.009309722222,135.747955277778,http://oryouri.2chblog.jp/archives/6151542.html,27,京都で美味しいラーメン屋に行こうと思う。　とりあえずみよしって店に行けばいいんだろ？　：[2ch]お料理速報
ラーメン藤,286,-98,572,-197,1144,-393,2288,-786,4577,-1572,9154,-3143,35.586692222222,135.097225000000,http://oryouri.2chblog.jp/archives/6151542.html,27,京都で美味しいラーメン屋に行こうと思う。　とりあえずみよしって店に行けばいいんだろ？　：[2ch]お料理速報
やっこ,285,-101,570,-202,1141,-404,2282,-807,4564,-1614,9128,-3229,35.014863333333,135.758263055556,http://oryouri.2chblog.jp/archives/6151542.html,27,京都で美味しいラーメン屋に行こうと思う。　とりあえずみよしって店に行けばいいんだろ？　：[2ch]お料理速報
どさん子福知山店,285,-99,571,-198,1141,-397,2282,-793,4564,-1587,9128,-3174,35.296541944444,135.147961111111,http://oryouri.2chblog.jp/archives/6151542.html,27,京都で美味しいラーメン屋に行こうと思う。　とりあえずみよしって店に行けばいいんだろ？　：[2ch]お料理速報
ラーメン藤本店,285,-101,570,-202,1141,-404,2281,-808,4562,-1617,9124,-3233,34.971028333333,135.760511388889,http://oryouri.2chblog.jp/archives/6151542.html,27,京都で美味しいラーメン屋に行こうと思う。　とりあえずみよしって店に行けばいいんだろ？　：[2ch]お料理速報
庵ラーメン,285,-101,571,-202,1141,-404,2282,-809,4564,-1617,9128,-3235,34.980840277778,135.825240000000,http://oryouri.2chblog.jp/archives/6151542.html,27,京都で美味しいラーメン屋に行こうと思う。　とりあえずみよしって店に行けばいいんだろ？　：[2ch]お料理速報
東龍,285,-101,571,-202,1141,-404,2283,-807,4566,-1614,9132,-3228,35.031720277778,135.792068055556,http://oryouri.2chblog.jp/archives/6151542.html,27,京都で美味しいラーメン屋に行こうと思う。　とりあえずみよしって店に行けばいいんだろ？　：[2ch]お料理速報
伊佐夫,285,-101,571,-202,1142,-403,2283,-807,4566,-1614,9132,-3228,35.039436111111,135.792246111111,http://oryouri.2chblog.jp/archives/6151542.html,27,京都で美味しいラーメン屋に行こうと思う。　とりあえずみよしって店に行けばいいんだろ？　：[2ch]お料理速報
新福菜館天神川店,285,-101,570,-202,1141,-403,2281,-807,4563,-1614,9125,-3228,35.003525000000,135.714367222222,http://oryouri.2chblog.jp/archives/6151542.html,27,京都で美味しいラーメン屋に行こうと思う。　とりあえずみよしって店に行けばいいんだろ？　：[2ch]お料理速報
東龍河原町店,285,-101,570,-202,1141,-404,2282,-807,4564,-1614,9127,-3229,35.009309722222,135.747955277778,http://oryouri.2chblog.jp/archives/6151542.html,27,京都で美味しいラーメン屋に行こうと思う。　とりあえずみよしって店に行けばいいんだろ？　：[2ch]お料理速報
珍遊,285,-101,571,-202,1142,-403,2283,-807,4566,-1614,9133,-3227,35.043618611111,135.786291111111,http://oryouri.2chblog.jp/archives/6151542.html,27,京都で美味しいラーメン屋に行こうと思う。　とりあえずみよしって店に行けばいいんだろ？　：[2ch]お料理速報
天天有福知山店,285,-99,570,-199,1141,-397,2282,-794,4563,-1589,9127,-3178,35.273198611111,135.183183611111,http://oryouri.2chblog.jp/archives/6151542.html,27,京都で美味しいラーメン屋に行こうと思う。　とりあえずみよしって店に行けばいいんだろ？　：[2ch]お料理速報
新福菜館東土川店,285,-101,570,-202,1140,-404,2280,-808,4560,-1617,9120,-3234,34.947343611111,135.721821388889,http://oryouri.2chblog.jp/archives/6151542.html,27,京都で美味しいラーメン屋に行こうと思う。　とりあえずみよしって店に行けばいいんだろ？　：[2ch]お料理速報
ちゃぶ屋とんこつらぁ麺ＣＨＡＢＵＴＯＮ,285,-101,570,-202,1141,-404,2281,-808,4563,-1615,9126,-3230,34.993090000000,135.749338611111,http://oryouri.2chblog.jp/archives/6151542.html,27,京都で美味しいラーメン屋に行こうと思う。　とりあえずみよしって店に行けばいいんだろ？　：[2ch]お料理速報
京一,285,-101,570,-202,1141,-404,2282,-807,4564,-1614,9127,-3229,35.009309722222,135.747955277778,http://oryouri.2chblog.jp/archives/6151542.html,27,京都で美味しいラーメン屋に行こうと思う。　とりあえずみよしって店に行けばいいんだろ？　：[2ch]お料理速報
天下一品本店,286,-100,572,-201,1143,-402,2286,-804,4572,-1608,9144,-3216,35.163801388889,135.793204166667,http://oryouri.2chblog.jp/archives/6151542.html,27,京都で美味しいラーメン屋に行こうと思う。　とりあえずみよしって店に行けばいいんだろ？　：[2ch]お料理速報
らーめん山頭火京都三条店,285,-101,570,-202,1141,-404,2282,-808,4563,-1616,9127,-3232,34.990405555556,135.778040555556,http://oryouri.2chblog.jp/archives/6151542.html,27,京都で美味しいラーメン屋に行こうと思う。　とりあえずみよしって店に行けばいいんだろ？　：[2ch]お料理速報
熊本ラーメン肥後もっこす,285,-101,571,-201,1142,-403,2283,-806,4566,-1613,9132,-3225,35.051403888889,135.764598611111,http://oryouri.2chblog.jp/archives/6151542.html,27,京都で美味しいラーメン屋に行こうと思う。　とりあえずみよしって店に行けばいいんだろ？　：[2ch]お料理速報
天天有桂川街道店,285,-101,570,-202,1140,-404,2281,-807,4561,-1615,9123,-3230,34.981132500000,135.709573333333,http://oryouri.2chblog.jp/archives/6151542.html,27,京都で美味しいラーメン屋に行こうと思う。　とりあえずみよしって店に行けばいいんだろ？　：[2ch]お料理速報
麺屋ゴッケイ（極鶏）,285,-101,571,-202,1142,-403,2283,-807,4567,-1613,9133,-3227,35.047482222222,135.787213055556,http://oryouri.2chblog.jp/archives/6151542.html,27,京都で美味しいラーメン屋に行こうと思う。　とりあえずみよしって店に行けばいいんだろ？　：[2ch]お料理速報
来来亭一乗寺店,285,-101,571,-202,1142,-403,2283,-807,4566,-1614,9132,-3228,35.040146944444,135.789176944444,http://oryouri.2chblog.jp/archives/6151542.html,27,京都で美味しいラーメン屋に行こうと思う。　とりあえずみよしって店に行けばいいんだろ？　：[2ch]お料理速報
ラーメン藤,285,-101,570,-202,1141,-404,2282,-808,4564,-1615,9127,-3231,34.995587222222,135.770868055556,http://oryouri.2chblog.jp/archives/6151542.html,27,京都で美味しいラーメン屋に行こうと思う。　とりあえずみよしって店に行けばいいんだろ？　：[2ch]お料理速報
ハマムラ河原町店,285,-101,570,-202,1141,-404,2282,-807,4564,-1614,9127,-3229,35.009309722222,135.747955277778,http://oryouri.2chblog.jp/archives/6151542.html,27,京都で美味しいラーメン屋に行こうと思う。　とりあえずみよしって店に行けばいいんだろ？　：[2ch]お料理速報
大黒やラーメン京田辺店,285,-101,569,-203,1139,-406,2278,-811,4555,-1623,9110,-3246,34.829693333333,135.748807500000,http://oryouri.2chblog.jp/archives/6151542.html,27,京都で美味しいラーメン屋に行こうと思う。　とりあえずみよしって店に行けばいいんだろ？　：[2ch]お料理速報
スガキヤ精華台ユーストア店,284,-102,569,-203,1138,-407,2276,-814,4552,-1627,9103,-3255,34.746684444444,135.770756666667,http://oryouri.2chblog.jp/archives/6151542.html,27,京都で美味しいラーメン屋に行こうと思う。　とりあえずみよしって店に行けばいいんだろ？　：[2ch]お料理速報
ラーメン専門店　萬福,285,-101,570,-202,1141,-404,2281,-808,4562,-1617,9124,-3234,34.961190555556,135.764346666667,http://oryouri.2chblog.jp/archives/6151542.html,27,京都で美味しいラーメン屋に行こうと思う。　とりあえずみよしって店に行けばいいんだろ？　：[2ch]お料理速報
高安,285,-101,571,-202,1142,-403,2283,-807,4566,-1614,9133,-3227,35.045088055556,135.785118888889,http://oryouri.2chblog.jp/archives/6151542.html,27,京都で美味しいラーメン屋に行こうと思う。　とりあえずみよしって店に行けばいいんだろ？　：[2ch]お料理速報
天天有伏見大手筋店,285,-101,570,-202,1140,-405,2280,-809,4561,-1618,9121,-3236,34.932560000000,135.761940277778,http://oryouri.2chblog.jp/archives/6151542.html,27,京都で美味しいラーメン屋に行こうと思う。　とりあえずみよしって店に行けばいいんだろ？　：[2ch]お料理速報
ことぶき,285,-101,570,-202,1140,-404,2281,-808,4562,-1616,9124,-3231,34.974830277778,135.740090555556,http://oryouri.2chblog.jp/archives/6151542.html,27,京都で美味しいラーメン屋に行こうと思う。　とりあえずみよしって店に行けばいいんだろ？　：[2ch]お料理速報
安源,285,-100,570,-201,1140,-402,2281,-803,4562,-1606,9123,-3213,35.070050833333,135.531968333333,http://oryouri.2chblog.jp/archives/6151542.html,27,京都で美味しいラーメン屋に行こうと思う。　とりあえずみよしって店に行けばいいんだろ？　：[2ch]お料理速報
天下一品山科店,285,-101,571,-202,1141,-404,2282,-808,4564,-1617,9129,-3233,34.9896970,135.809941,http://oryouri.2chblog.jp/archives/6151542.html,27,京都で美味しいラーメン屋に行こうと思う。　とりあえずみよしって店に行けばいいんだろ？　：[2ch]お料理速報
ラーメン横綱高野店,285,-101,571,-202,1142,-403,2283,-807,4566,-1614,9132,-3227,35.042449444444,135.782788611111,http://oryouri.2chblog.jp/archives/6151542.html,27,京都で美味しいラーメン屋に行こうと思う。　とりあえずみよしって店に行けばいいんだろ？　：[2ch]お料理速報
スガキヤ　洛南ジャスコ店,285,-101,570,-202,1140,-404,2281,-808,4562,-1616,9124,-3231,34.973813611111,135.735649166667,http://oryouri.2chblog.jp/archives/6151542.html,27,京都で美味しいラーメン屋に行こうと思う。　とりあえずみよしって店に行けばいいんだろ？　：[2ch]お料理速報
中華そば雅,285,-101,571,-201,1141,-403,2283,-806,4565,-1613,9130,-3226,35.040319166667,135.747455555556,http://oryouri.2chblog.jp/archives/6151542.html,27,京都で美味しいラーメン屋に行こうと思う。　とりあえずみよしって店に行けばいいんだろ？　：[2ch]お料理速報
格別ヤ福知山店,285,-99,571,-198,1141,-396,2282,-793,4563,-1586,9126,-3172,35.293891666667,135.115514166667,http://oryouri.2chblog.jp/archives/6151542.html,27,京都で美味しいラーメン屋に行こうと思う。　とりあえずみよしって店に行けばいいんだろ？　：[2ch]お料理速報
天下一品二条駅前店,285,-101,570,-202,1141,-403,2282,-807,4564,-1614,9128,-3228,35.0131994,135.742778,http://oryouri.2chblog.jp/archives/6151542.html,27,京都で美味しいラーメン屋に行こうと思う。　とりあえずみよしって店に行けばいいんだろ？　：[2ch]お料理速報
虚空蔵法輪寺,285,-101,570,-202,1141,-403,2281,-806,4562,-1613,9124,-3225,35.010246666667,135.676983888889,http://brow2ing.doorblog.jp/archives/1668109.html,555,秋の京都で絶対行くべき場所教えてくれ - ブラブラブラウジング
法然院,285,-101,571,-202,1141,-404,2283,-807,4565,-1615,9131,-3230,35.023985000000,135.797415000000,http://brow2ing.doorblog.jp/archives/1668109.html,555,秋の京都で絶対行くべき場所教えてくれ - ブラブラブラウジング
高台寺,285,-101,570,-202,1141,-404,2282,-808,4564,-1616,9128,-3231,35.000766756724,135.78113225061,http://brow2ing.doorblog.jp/archives/1668109.html,555,秋の京都で絶対行くべき場所教えてくれ - ブラブラブラウジング
島原住吉神社,285,-101,570,-202,1141,-404,2281,-808,4563,-1615,9126,-3230,34.993326111111,135.742901388889,http://brow2ing.doorblog.jp/archives/1668109.html,555,秋の京都で絶対行くべき場所教えてくれ - ブラブラブラウジング
毘沙門堂,285,-101,571,-202,1141,-404,2283,-808,4565,-1616,9130,-3233,35.001643333333,135.818813333333,http://brow2ing.doorblog.jp/archives/1668109.html,555,秋の京都で絶対行くべき場所教えてくれ - ブラブラブラウジング
立本寺,285,-101,570,-202,1141,-403,2282,-807,4565,-1613,9129,-3227,35.026957222222,135.752170555556,http://brow2ing.doorblog.jp/archives/1668109.html,555,秋の京都で絶対行くべき場所教えてくれ - ブラブラブラウジング
等観寺,285,-101,570,-202,1141,-403,2282,-807,4565,-1613,9129,-3227,35.026957222222,135.752170555556,http://brow2ing.doorblog.jp/archives/1668109.html,555,秋の京都で絶対行くべき場所教えてくれ - ブラブラブラウジング
清蓮寺,285,-101,570,-202,1141,-404,2282,-807,4564,-1614,9128,-3228,35.017221388889,135.752221944444,http://brow2ing.doorblog.jp/archives/1668109.html,555,秋の京都で絶対行くべき場所教えてくれ - ブラブラブラウジング
福音の家,285,-101,570,-202,1141,-404,2282,-807,4564,-1615,9128,-3229,35.007236111111,135.756410833333,http://brow2ing.doorblog.jp/archives/1668109.html,555,秋の京都で絶対行くべき場所教えてくれ - ブラブラブラウジング
賀茂御祖神社,285,-101,571,-202,1142,-403,2283,-807,4566,-1613,9131,-3227,35.038235833333,135.772403611111,http://brow2ing.doorblog.jp/archives/1668109.html,555,秋の京都で絶対行くべき場所教えてくれ - ブラブラブラウジング
銀閣寺,285,-101,571,-202,1141,-404,2283,-807,4566,-1614,9132,-3229,35.026851388889,135.798248333333,http://brow2ing.doorblog.jp/archives/1668109.html,555,秋の京都で絶対行くべき場所教えてくれ - ブラブラブラウジング
清水寺成就院,285,-101,570,-202,1141,-404,2282,-808,4564,-1616,9127,-3232,34.994401388889,135.783283333333,http://brow2ing.doorblog.jp/archives/1668109.html,555,秋の京都で絶対行くべき場所教えてくれ - ブラブラブラウジング
平等院管理最勝院,285,-101,570,-203,1140,-405,2280,-811,4559,-1622,9119,-3243,34.889776388889,135.807214444444,http://brow2ing.doorblog.jp/archives/1668109.html,555,秋の京都で絶対行くべき場所教えてくれ - ブラブラブラウジング
真如堂本坊,285,-101,571,-202,1141,-404,2283,-807,4565,-1615,9131,-3229,35.022198888889,135.788910000000,http://brow2ing.doorblog.jp/archives/1668109.html,555,秋の京都で絶対行くべき場所教えてくれ - ブラブラブラウジング
妙法院,285,-101,570,-202,1141,-404,2282,-808,4563,-1616,9126,-3232,34.988838055556,135.772670833333,http://brow2ing.doorblog.jp/archives/1668109.html,555,秋の京都で絶対行くべき場所教えてくれ - ブラブラブラウジング
貴布禰総本宮貴船神社,286,-100,571,-201,1143,-402,2285,-804,4570,-1609,9139,-3218,35.121640277778,135.762906111111,http://brow2ing.doorblog.jp/archives/1668109.html,555,秋の京都で絶対行くべき場所教えてくれ - ブラブラブラウジング
十念寺,285,-101,571,-202,1141,-404,2283,-807,4565,-1614,9131,-3227,35.033114166667,135.766906666667,http://brow2ing.doorblog.jp/archives/1668109.html,555,秋の京都で絶対行くべき場所教えてくれ - ブラブラブラウジング
清水寺,285,-101,570,-202,1141,-404,2282,-808,4564,-1616,9128,-3232,34.994836431732,135.78500261598,http://brow2ing.doorblog.jp/archives/1668109.html,555,秋の京都で絶対行くべき場所教えてくれ - ブラブラブラウジング
龍安寺護持部,285,-101,570,-202,1141,-403,2282,-806,4564,-1613,9128,-3225,35.034177500000,135.719088888889,http://brow2ing.doorblog.jp/archives/1668109.html,555,秋の京都で絶対行くべき場所教えてくれ - ブラブラブラウジング
黒住教福知山教会所,285,-99,571,-198,1141,-397,2282,-793,4564,-1586,9128,-3172,35.305101388889,135.132937222222,http://brow2ing.doorblog.jp/archives/1668109.html,555,秋の京都で絶対行くべき場所教えてくれ - ブラブラブラウジング
吉祥院天満宮,285,-101,570,-202,1140,-404,2281,-808,4562,-1616,9123,-3232,34.973619166667,135.735140833333,http://brow2ing.doorblog.jp/archives/1668109.html,555,秋の京都で絶対行くべき場所教えてくれ - ブラブラブラウジング
京都府神社庁,285,-101,570,-202,1141,-403,2281,-807,4562,-1613,9124,-3227,35.000453055556,135.687228055556,http://brow2ing.doorblog.jp/archives/1668109.html,555,秋の京都で絶対行くべき場所教えてくれ - ブラブラブラウジング
光明寺,285,-101,571,-202,1142,-403,2284,-806,4568,-1613,9136,-3226,35.063402777778,135.808633055556,http://brow2ing.doorblog.jp/archives/1668109.html,555,秋の京都で絶対行くべき場所教えてくれ - ブラブラブラウジング
清水寺善光寺,285,-101,570,-202,1141,-404,2282,-808,4564,-1616,9127,-3232,34.994401388889,135.783283333333,http://brow2ing.doorblog.jp/archives/1668109.html,555,秋の京都で絶対行くべき場所教えてくれ - ブラブラブラウジング
大豊神社,285,-101,571,-202,1141,-404,2283,-807,4565,-1615,9131,-3230,35.018405000000,135.796240277778,http://brow2ing.doorblog.jp/archives/1668109.html,555,秋の京都で絶対行くべき場所教えてくれ - ブラブラブラウジング
日本基督教団同志社教会,285,-101,570,-202,1141,-404,2282,-807,4565,-1614,9130,-3227,35.030378611111,135.764045833333,http://brow2ing.doorblog.jp/archives/1668109.html,555,秋の京都で絶対行くべき場所教えてくれ - ブラブラブラウジング
日本基督教団北白川教会,285,-101,571,-202,1141,-404,2283,-807,4566,-1614,9131,-3229,35.029320555556,135.790956944444,http://brow2ing.doorblog.jp/archives/1668109.html,555,秋の京都で絶対行くべき場所教えてくれ - ブラブラブラウジング
長徳寺,285,-100,570,-201,1140,-401,2281,-802,4561,-1604,9122,-3209,35.082447777778,135.467648888889,http://brow2ing.doorblog.jp/archives/1668109.html,555,秋の京都で絶対行くべき場所教えてくれ - ブラブラブラウジング
東福寺派宗務本院,285,-101,570,-202,1141,-404,2281,-808,4563,-1616,9125,-3233,34.976794722222,135.771321111111,http://brow2ing.doorblog.jp/archives/1668109.html,555,秋の京都で絶対行くべき場所教えてくれ - ブラブラブラウジング
清水寺延命院,285,-101,570,-202,1141,-404,2282,-808,4564,-1616,9127,-3232,34.994401388889,135.783283333333,http://brow2ing.doorblog.jp/archives/1668109.html,555,秋の京都で絶対行くべき場所教えてくれ - ブラブラブラウジング
曼殊院,285,-101,571,-202,1142,-403,2283,-807,4567,-1614,9134,-3227,35.048904444444,135.802942222222,http://brow2ing.doorblog.jp/archives/1668109.html,555,秋の京都で絶対行くべき場所教えてくれ - ブラブラブラウジング
法住寺,285,-101,570,-202,1141,-404,2282,-808,4563,-1616,9126,-3232,34.987360277778,135.772676388889,http://brow2ing.doorblog.jp/archives/1668109.html,555,秋の京都で絶対行くべき場所教えてくれ - ブラブラブラウジング
光明寺,286,-99,571,-198,1142,-396,2285,-791,4569,-1583,9139,-3165,35.393716666667,135.179286388889,http://brow2ing.doorblog.jp/archives/1668109.html,555,秋の京都で絶対行くべき場所教えてくれ - ブラブラブラウジング
遍照寺,286,-100,571,-200,1143,-400,2285,-800,4571,-1599,9141,-3198,35.240350000000,135.563645277778,http://brow2ing.doorblog.jp/archives/1668109.html,555,秋の京都で絶対行くべき場所教えてくれ - ブラブラブラウジング
念法眞教福知山念法寺,285,-99,571,-198,1141,-396,2282,-792,4565,-1584,9130,-3167,35.337958055556,135.100491944444,http://brow2ing.doorblog.jp/archives/1668109.html,555,秋の京都で絶対行くべき場所教えてくれ - ブラブラブラウジング
高瀬装束店,285,-101,570,-202,1141,-404,2282,-807,4564,-1615,9127,-3230,35.000317500000,135.763049166667,http://brow2ing.doorblog.jp/archives/1668109.html,555,秋の京都で絶対行くべき場所教えてくれ - ブラブラブラウジング
光明寺,285,-101,570,-202,1141,-403,2282,-807,4565,-1613,9129,-3227,35.026957222222,135.752170555556,http://brow2ing.doorblog.jp/archives/1668109.html,555,秋の京都で絶対行くべき場所教えてくれ - ブラブラブラウジング
満福寺,285,-101,570,-202,1141,-404,2282,-807,4564,-1614,9127,-3229,35.007150000000,135.748125555556,http://brow2ing.doorblog.jp/archives/1668109.html,555,秋の京都で絶対行くべき場所教えてくれ - ブラブラブラウジング
無量壽寺（念佛宗）,285,-101,570,-202,1141,-403,2281,-806,4562,-1613,9124,-3226,35.005877777778,135.681436666667,http://brow2ing.doorblog.jp/archives/1668109.html,555,秋の京都で絶対行くべき場所教えてくれ - ブラブラブラウジング
平等院寺務所,285,-101,570,-203,1140,-405,2280,-811,4559,-1622,9119,-3243,34.889295833333,135.807689444444,http://brow2ing.doorblog.jp/archives/1668109.html,555,秋の京都で絶対行くべき場所教えてくれ - ブラブラブラウジング
八坂神社,285,-101,570,-202,1141,-404,2282,-808,4564,-1615,9128,-3231,35.003669489543,135.77855745394,http://brow2ing.doorblog.jp/archives/1668109.html,555,秋の京都で絶対行くべき場所教えてくれ - ブラブラブラウジング
常楽寺,285,-101,570,-202,1141,-403,2282,-806,4564,-1612,9128,-3225,35.031872222222,135.714614166667,http://brow2ing.doorblog.jp/archives/1668109.html,555,秋の京都で絶対行くべき場所教えてくれ - ブラブラブラウジング
嵐山妙見堂,285,-101,570,-202,1141,-403,2281,-807,4562,-1613,9124,-3226,35.004225000000,135.682647777778,http://brow2ing.doorblog.jp/archives/1668109.html,555,秋の京都で絶対行くべき場所教えてくれ - ブラブラブラウジング
松尾大社,285,-101,570,-202,1141,-403,2281,-807,4562,-1613,9124,-3227,34.999966944444,135.685172500000,http://brow2ing.doorblog.jp/archives/1668109.html,555,秋の京都で絶対行くべき場所教えてくれ - ブラブラブラウジング
住吉保育園,285,-101,570,-202,1140,-405,2280,-809,4561,-1618,9122,-3236,34.942792222222,135.764090277778,http://brow2ing.doorblog.jp/archives/1668109.html,555,秋の京都で絶対行くべき場所教えてくれ - ブラブラブラウジング
光明寺,284,-102,569,-203,1138,-407,2276,-814,4551,-1628,9102,-3256,34.736727222222,135.770751388889,http://brow2ing.doorblog.jp/archives/1668109.html,555,秋の京都で絶対行くべき場所教えてくれ - ブラブラブラウジング
詩仙堂丈山寺,285,-101,571,-202,1142,-403,2283,-807,4566,-1614,9133,-3227,35.043724444444,135.796128888889,http://brow2ing.doorblog.jp/archives/1668109.html,555,秋の京都で絶対行くべき場所教えてくれ - ブラブラブラウジング
天野山高野寺,284,-102,569,-203,1138,-407,2276,-813,4551,-1627,9102,-3254,34.745628611111,135.752877777778,http://brow2ing.doorblog.jp/archives/1668109.html,555,秋の京都で絶対行くべき場所教えてくれ - ブラブラブラウジング
君尾山光明寺,286,-99,572,-199,1144,-397,2288,-794,4575,-1589,9150,-3178,35.389907500000,135.442223888889,http://brow2ing.doorblog.jp/archives/1668109.html,555,秋の京都で絶対行くべき場所教えてくれ - ブラブラブラウジング
乾窓院,285,-101,570,-202,1141,-403,2282,-807,4564,-1614,9128,-3227,35.021140277778,135.737398333333,http://brow2ing.doorblog.jp/archives/1668109.html,555,秋の京都で絶対行くべき場所教えてくれ - ブラブラブラウジング
高台寺,286,-99,571,-198,1142,-397,2283,-794,4567,-1587,9133,-3175,35.316307777778,135.226741388889,http://brow2ing.doorblog.jp/archives/1668109.html,555,秋の京都で絶対行くべき場所教えてくれ - ブラブラブラウジング
薬師院,285,-101,570,-202,1141,-404,2282,-807,4564,-1614,9128,-3229,35.008677777778,135.755233055556,http://brow2ing.doorblog.jp/archives/1668109.html,555,秋の京都で絶対行くべき場所教えてくれ - ブラブラブラウジング
カトリック福知山教会,285,-99,571,-198,1141,-397,2282,-793,4563,-1587,9127,-3173,35.294963888889,135.127929444444,http://brow2ing.doorblog.jp/archives/1668109.html,555,秋の京都で絶対行くべき場所教えてくれ - ブラブラブラウジング
金閣寺休憩所,285,-101,571,-201,1141,-403,2282,-806,4565,-1612,9129,-3225,35.039355000000,135.729326666667,http://brow2ing.doorblog.jp/archives/1668109.html,555,秋の京都で絶対行くべき場所教えてくれ - ブラブラブラウジング
大黒寺,285,-101,570,-202,1140,-405,2280,-809,4561,-1618,9121,-3236,34.937017777778,135.760810000000,http://brow2ing.doorblog.jp/archives/1668109.html,555,秋の京都で絶対行くべき場所教えてくれ - ブラブラブラウジング
東寺,285,-101,570,-202,1141,-404,2281,-808,4562,-1616,9125,-3231,34.982207500000,135.747465000000,http://brow2ing.doorblog.jp/archives/1668109.html,555,秋の京都で絶対行くべき場所教えてくれ - ブラブラブラウジング
金閣寺,285,-101,571,-201,1141,-403,2282,-806,4565,-1612,9129,-3225,35.039355000000,135.729326666667,http://brow2ing.doorblog.jp/archives/1668109.html,555,秋の京都で絶対行くべき場所教えてくれ - ブラブラブラウジング
大珠院,285,-101,570,-202,1141,-403,2282,-806,4564,-1613,9128,-3225,35.034177500000,135.719088888889,http://brow2ing.doorblog.jp/archives/1668109.html,555,秋の京都で絶対行くべき場所教えてくれ - ブラブラブラウジング
等善寺,285,-101,570,-202,1141,-404,2282,-808,4563,-1616,9127,-3231,34.993276388889,135.763438333333,http://brow2ing.doorblog.jp/archives/1668109.html,555,秋の京都で絶対行くべき場所教えてくれ - ブラブラブラウジング
龍安寺,285,-101,570,-202,1141,-403,2282,-806,4564,-1613,9128,-3225,35.034177500000,135.719088888889,http://brow2ing.doorblog.jp/archives/1668109.html,555,秋の京都で絶対行くべき場所教えてくれ - ブラブラブラウジング
轉法輪寺,285,-101,570,-202,1141,-403,2282,-806,4564,-1613,9128,-3225,35.031641666667,135.715233611111,http://brow2ing.doorblog.jp/archives/1668109.html,555,秋の京都で絶対行くべき場所教えてくれ - ブラブラブラウジング
養源院,285,-101,570,-202,1141,-404,2282,-808,4563,-1616,9126,-3232,34.988838055556,135.772670833333,http://brow2ing.doorblog.jp/archives/1668109.html,555,秋の京都で絶対行くべき場所教えてくれ - ブラブラブラウジング
光明寺,285,-101,570,-202,1141,-404,2282,-807,4564,-1614,9127,-3229,35.009309722222,135.747955277778,http://brow2ing.doorblog.jp/archives/1668109.html,555,秋の京都で絶対行くべき場所教えてくれ - ブラブラブラウジング
光明寺（宗教法人）,286,-99,572,-198,1143,-396,2287,-791,4573,-1583,9147,-3165,35.439693055556,135.257065277778,http://brow2ing.doorblog.jp/archives/1668109.html,555,秋の京都で絶対行くべき場所教えてくれ - ブラブラブラウジング
円竜寺,285,-101,570,-202,1141,-404,2282,-807,4564,-1614,9127,-3229,35.009309722222,135.747955277778,http://brow2ing.doorblog.jp/archives/1668109.html,555,秋の京都で絶対行くべき場所教えてくれ - ブラブラブラウジング
仁和寺,285,-101,570,-202,1141,-403,2282,-806,4564,-1612,9128,-3225,35.030208333333,135.713211666667,http://brow2ing.doorblog.jp/archives/1668109.html,555,秋の京都で絶対行くべき場所教えてくれ - ブラブラブラウジング
北野天満宮,285,-101,570,-202,1141,-403,2282,-807,4565,-1613,9129,-3227,35.026957222222,135.752170555556,http://brow2ing.doorblog.jp/archives/1668109.html,555,秋の京都で絶対行くべき場所教えてくれ - ブラブラブラウジング
東福寺,285,-101,570,-202,1141,-404,2281,-808,4563,-1616,9125,-3233,34.976794722222,135.771321111111,http://brow2ing.doorblog.jp/archives/1668109.html,555,秋の京都で絶対行くべき場所教えてくれ - ブラブラブラウジング
念佛寺,285,-101,570,-202,1141,-404,2281,-808,4562,-1616,9125,-3231,34.983215833333,135.744706944444,http://brow2ing.doorblog.jp/archives/1668109.html,555,秋の京都で絶対行くべき場所教えてくれ - ブラブラブラウジング
真如堂法輪院,285,-101,571,-202,1141,-404,2283,-807,4565,-1615,9131,-3229,35.022198888889,135.788910000000,http://brow2ing.doorblog.jp/archives/1668109.html,555,秋の京都で絶対行くべき場所教えてくれ - ブラブラブラウジング
平等院管理浄土院,285,-101,570,-203,1140,-405,2280,-811,4559,-1622,9119,-3243,34.888962500000,135.807000555556,http://brow2ing.doorblog.jp/archives/1668109.html,555,秋の京都で絶対行くべき場所教えてくれ - ブラブラブラウジング
宝迎寺,285,-101,571,-202,1141,-404,2282,-809,4564,-1618,9128,-3235,34.977182222222,135.823345555556,http://brow2ing.doorblog.jp/archives/1668109.html,555,秋の京都で絶対行くべき場所教えてくれ - ブラブラブラウジング
京都祇園堂,285,-101,570,-202,1141,-404,2282,-808,4564,-1615,9128,-3231,35.003275555556,135.775853333333,http://brow2ing.doorblog.jp/archives/1668109.html,555,秋の京都で絶対行くべき場所教えてくれ - ブラブラブラウジング
成願寺,285,-101,570,-202,1141,-403,2282,-807,4565,-1613,9129,-3227,35.026957222222,135.752170555556,http://brow2ing.doorblog.jp/archives/1668109.html,555,秋の京都で絶対行くべき場所教えてくれ - ブラブラブラウジング
住吉神社,286,-99,572,-197,1145,-394,2289,-788,4578,-1577,9156,-3153,35.545325555556,135.235260277778,http://brow2ing.doorblog.jp/archives/1668109.html,555,秋の京都で絶対行くべき場所教えてくれ - ブラブラブラウジング
光明寺,286,-98,572,-197,1144,-393,2288,-786,4576,-1572,9151,-3145,35.567332777778,135.083747500000,http://brow2ing.doorblog.jp/archives/1668109.html,555,秋の京都で絶対行くべき場所教えてくれ - ブラブラブラウジング
淨光寺,285,-101,570,-202,1141,-404,2282,-807,4564,-1615,9128,-3229,35.012635833333,135.762151666667,http://brow2ing.doorblog.jp/archives/1668109.html,555,秋の京都で絶対行くべき場所教えてくれ - ブラブラブラウジング
大雲院本院,285,-101,570,-202,1141,-404,2282,-808,4564,-1615,9128,-3231,35.002075555556,135.780050277778,http://brow2ing.doorblog.jp/archives/1668109.html,555,秋の京都で絶対行くべき場所教えてくれ - ブラブラブラウジング
円光寺,285,-101,571,-202,1141,-404,2283,-807,4566,-1614,9132,-3228,35.035994722222,135.795370555556,http://brow2ing.doorblog.jp/archives/1668109.html,555,秋の京都で絶対行くべき場所教えてくれ - ブラブラブラウジング
鈴虫寺,285,-101,570,-202,1140,-404,2281,-807,4561,-1614,9123,-3227,34.993525833333,135.685011666667,http://brow2ing.doorblog.jp/archives/1668109.html,555,秋の京都で絶対行くべき場所教えてくれ - ブラブラブラウジング
多福院,285,-101,570,-202,1141,-403,2282,-806,4564,-1613,9128,-3225,35.031586111111,135.720000000000,http://brow2ing.doorblog.jp/archives/1668109.html,555,秋の京都で絶対行くべき場所教えてくれ - ブラブラブラウジング
大将軍八神社,285,-101,570,-202,1141,-403,2282,-807,4565,-1613,9129,-3227,35.026957222222,135.752170555556,http://brow2ing.doorblog.jp/archives/1668109.html,555,秋の京都で絶対行くべき場所教えてくれ - ブラブラブラウジング
吉祥寺,286,-98,572,-197,1143,-394,2286,-788,4573,-1575,9145,-3151,35.503097777778,135.092313611111,http://brow2ing.doorblog.jp/archives/1668109.html,555,秋の京都で絶対行くべき場所教えてくれ - ブラブラブラウジング
仲源寺,285,-101,570,-202,1141,-404,2282,-808,4564,-1615,9128,-3230,35.003667222222,135.773342500000,http://brow2ing.doorblog.jp/archives/1668109.html,555,秋の京都で絶対行くべき場所教えてくれ - ブラブラブラウジング
西源院,285,-101,570,-202,1141,-403,2282,-806,4564,-1613,9128,-3225,35.034177500000,135.719088888889,http://brow2ing.doorblog.jp/archives/1668109.html,555,秋の京都で絶対行くべき場所教えてくれ - ブラブラブラウジング
八坂神社社務所,285,-101,570,-202,1141,-404,2282,-808,4564,-1615,9128,-3231,35.003633888889,135.778525277778,http://brow2ing.doorblog.jp/archives/1668109.html,555,秋の京都で絶対行くべき場所教えてくれ - ブラブラブラウジング
元祇園梛神社,285,-101,570,-202,1141,-404,2282,-807,4563,-1615,9127,-3229,35.003216944444,135.744142500000,http://brow2ing.doorblog.jp/archives/1668109.html,555,秋の京都で絶対行くべき場所教えてくれ - ブラブラブラウジング
三十三間堂,285,-101,570,-202,1141,-404,2282,-808,4563,-1616,9126,-3232,34.988838055556,135.772670833333,http://brow2ing.doorblog.jp/archives/1668109.html,555,秋の京都で絶対行くべき場所教えてくれ - ブラブラブラウジング
法輪寺,285,-101,570,-202,1141,-403,2281,-806,4562,-1613,9124,-3225,35.010246666667,135.676983888889,http://brow2ing.doorblog.jp/archives/1668109.html,555,秋の京都で絶対行くべき場所教えてくれ - ブラブラブラウジング
清水寺経書堂,285,-101,570,-202,1141,-404,2282,-808,4564,-1616,9128,-3231,34.997484444444,135.780114166667,http://brow2ing.doorblog.jp/archives/1668109.html,555,秋の京都で絶対行くべき場所教えてくれ - ブラブラブラウジング
東福寺僧堂,285,-101,570,-202,1141,-404,2281,-808,4563,-1616,9125,-3233,34.976794722222,135.771321111111,http://brow2ing.doorblog.jp/archives/1668109.html,555,秋の京都で絶対行くべき場所教えてくれ - ブラブラブラウジング
妙見寺,285,-101,571,-202,1141,-404,2282,-809,4564,-1618,9128,-3235,34.977901666667,135.827559166667,http://brow2ing.doorblog.jp/archives/1668109.html,555,秋の京都で絶対行くべき場所教えてくれ - ブラブラブラウジング
普廣院,285,-101,571,-202,1141,-404,2283,-807,4565,-1614,9131,-3227,35.034289166667,135.764026388889,http://brow2ing.doorblog.jp/archives/1668109.html,555,秋の京都で絶対行くべき場所教えてくれ - ブラブラブラウジング
伏見稲荷本教間力教会,285,-101,570,-202,1141,-404,2281,-809,4562,-1617,9125,-3234,34.968515277778,135.774190277778,http://brow2ing.doorblog.jp/archives/1668109.html,555,秋の京都で絶対行くべき場所教えてくれ - ブラブラブラウジング
住吉神社,285,-101,570,-202,1141,-404,2281,-808,4563,-1615,9126,-3230,34.993090000000,135.749338611111,http://brow2ing.doorblog.jp/archives/1668109.html,555,秋の京都で絶対行くべき場所教えてくれ - ブラブラブラウジング
川崎大師京都別院笠原寺,285,-101,571,-202,1141,-404,2282,-809,4564,-1618,9127,-3236,34.970002500000,135.827614722222,http://brow2ing.doorblog.jp/archives/1668109.html,555,秋の京都で絶対行くべき場所教えてくれ - ブラブラブラウジング
福田寺,285,-101,570,-202,1141,-404,2281,-808,4563,-1615,9126,-3230,34.993090000000,135.749338611111,http://brow2ing.doorblog.jp/archives/1668109.html,555,秋の京都で絶対行くべき場所教えてくれ - ブラブラブラウジング
光源院,285,-101,570,-202,1141,-403,2282,-807,4564,-1614,9128,-3227,35.024942777778,135.739475833333,http://brow2ing.doorblog.jp/archives/1668109.html,555,秋の京都で絶対行くべき場所教えてくれ - ブラブラブラウジング
総本山光明寺,285,-101,570,-202,1140,-404,2279,-808,4559,-1616,9117,-3232,34.938422222222,135.675125555556,http://brow2ing.doorblog.jp/archives/1668109.html,555,秋の京都で絶対行くべき場所教えてくれ - ブラブラブラウジング
清水寺,285,-101,570,-202,1141,-404,2282,-808,4564,-1616,9127,-3232,34.994401388889,135.783283333333,http://brow2ing.doorblog.jp/archives/1668109.html,555,秋の京都で絶対行くべき場所教えてくれ - ブラブラブラウジング
高台寺,285,-101,570,-202,1141,-404,2282,-808,4563,-1616,9127,-3232,34.990405555556,135.778040555556,http://brow2ing.doorblog.jp/archives/1668109.html,555,秋の京都で絶対行くべき場所教えてくれ - ブラブラブラウジング
仁和寺御室会館,285,-101,570,-202,1141,-403,2282,-806,4564,-1612,9128,-3225,35.030208333333,135.713211666667,http://brow2ing.doorblog.jp/archives/1668109.html,555,秋の京都で絶対行くべき場所教えてくれ - ブラブラブラウジング
華山寺,285,-101,571,-202,1141,-404,2282,-808,4564,-1616,9128,-3233,34.989080000000,135.801234444444,http://brow2ing.doorblog.jp/archives/1668109.html,555,秋の京都で絶対行くべき場所教えてくれ - ブラブラブラウジング
